1 0 29064 0 0.000000000000E+00 21.24014 -2.799425 7.116672 0 0 1 0 0 0 0
2 0 29064 0 0.000000000000E+00 7.047328 5.029647 -0.1669319 0 0 1 0 0 0 0
3 0 29064 0 0.000000000000E+00 1.076801 -3.284617 5.679863 0 0 1 0 0 0 0
4 0 29064 0 0.000000000000E+00 1.934984 0.7403839 -8.800187 0 0 1 0 0 0 0
5 0 29064 0 0.000000000000E+00 4.877197 3.639476 -4.878875 0 0 1 0 0 0 0
6 0 29064 0 0.000000000000E+00 8.668145 -4.083241 19.37111 0 0 1 0 0 0 0
7 0 29064 0 0.000000000000E+00 12.37548 0.2417014 16.03708 0 0 1 0 0 0 0
8 0 29064 0 0.000000000000E+00 8.668145 -4.083241 19.37111 0 0 1 0 0 0 0
9 0 29064 0 0.000000000000E+00 -2.929404 -7.471265 -2.168243 0 0 1 0 0 0 0
10 0 29064 0 0.000000000000E+00 7.413049 -0.1567328 -0.06565099 0 0 1 0 0 0 0
11 0 29064 0 0.000000000000E+00 11.03651 0.1078969 4.289171 0 0 1 0 0 0 0
12 0 29064 0 0.000000000000E+00 9.602236 9.025196 6.64836 0 0 1 0 0 0 0
13 0 29064 0 0.000000000000E+00 9.059837 8.171135 6.475985 0 0 1 0 0 0 0
14 0 29064 0 0.000000000000E+00 6.795232 2.406875 7.140841 0 0 1 0 0 0 0
15 0 29064 0 0.000000000000E+00 -9.26167 6.239541 -3.358151 0 0 1 0 0 0 0
16 0 29064 0 0.000000000000E+00 19.3267 0.7302938 9.25174 0 0 1 0 0 0 0
17 0 29064 0 0.000000000000E+00 5.672566 3.239225 10.26798 0 0 1 0 0 0 0
18 0 29064 0 0.000000000000E+00 5.973555 -0.9745717 9.159793 0 0 1 0 0 0 0
19 0 29064 0 0.000000000000E+00 12.52037 -1.48245 15.39576 0 0 1 0 0 0 0
20 0 29064 0 0.000000000000E+00 12.94458 -4.406405 15.45133 0 0 1 0 0 0 0
21 0 29064 0 0.000000000000E+00 5.039296 0.9592113 10.16409 0 0 1 0 0 0 0
22 0 29064 0 0.000000000000E+00 3.209516 1.460368 -3.198745 0 0 1 0 0 0 0
23 0 29064 0 0.000000000000E+00 7.204037 -2.049861 6.647537 0 0 1 0 0 0 0
24 0 29064 0 0.000000000000E+00 2.677929 3.496261 -2.600331 0 0 1 0 0 0 0
25 0 29064 0 0.000000000000E+00 7.470549 -1.040256 5.632563 0 0 1 0 0 0 0
26 0 29064 0 0.000000000000E+00 -6.413753 -5.730455 0.7461571 0 0 1 0 0 0 0
27 0 29064 0 0.000000000000E+00 10.85128 -7.007549 4.713794 0 0 1 0 0 0 0
28 0 29064 0 0.000000000000E+00 12.56852 -0.08191074 13.67111 0 0 1 0 0 0 0
29 0 29064 0 0.000000000000E+00 -0.2338889 -0.07356532 -5.26698 0 0 1 0 0 0 0
30 0 29064 0 0.000000000000E+00 12.24887 -4.327606 3.409701 0 0 1 0 0 0 0
31 0 29064 0 0.000000000000E+00 0.5062975 -3.250438 6.552739 0 0 1 0 0 0 0
32 0 29064 0 0.000000000000E+00 19.05063 -1.918755 9.186015 0 0 1 0 0 0 0
33 0 29064 0 0.000000000000E+00 18.1005 2.952847 9.959711 0 0 1 0 0 0 0
34 0 29064 0 0.000000000000E+00 18.10332 6.542414 9.806605 0 0 1 0 0 0 0
35 0 29064 0 0.000000000000E+00 12.96815 -3.427388 2.633712 0 0 1 0 0 0 0
36 0 29064 0 0.000000000000E+00 4.808685 7.147072 10.79047 0 0 1 0 0 0 0
37 0 29064 0 0.000000000000E+00 -4.726452 -3.608373 -9.075839 0 0 1 0 0 0 0
38 0 29064 0 0.000000000000E+00 7.54094 -2.383551 6.171137 0 0 1 0 0 0 0
39 0 29064 0 0.000000000000E+00 -1.718471 -6.43497 1.925737 0 0 1 0 0 0 0
40 0 29064 0 0.000000000000E+00 10.36024 -7.906423 18.04638 0 0 1 0 0 0 0
41 0 29064 0 0.000000000000E+00 5.153982 7.358501 10.62884 0 0 1 0 0 0 0
42 0 29064 0 0.000000000000E+00 16.78512 -1.022581 11.10014 0 0 1 0 0 0 0
43 0 29064 0 0.000000000000E+00 5.917905 6.058556 10.05187 0 0 1 0 0 0 0
44 0 29064 0 0.000000000000E+00 20.57284 0.8759926 7.32182 0 0 1 0 0 0 0
45 0 29064 0 0.000000000000E+00 11.90166 0.3929828 27.10358 0 0 1 0 0 0 0
46 0 29064 0 0.000000000000E+00 13.19414 -6.419982 15.22165 0 0 1 0 0 0 0
47 0 29064 0 0.000000000000E+00 8.906841 3.796419 19.79608 0 0 1 0 0 0 0
48 0 29064 0 0.000000000000E+00 8.319126 1.023147 19.95332 0 0 1 0 0 0 0
49 0 29064 0 0.000000000000E+00 6.458764 -3.290818 9.33623 0 0 1 0 0 0 0
50 0 29064 0 0.000000000000E+00 4.145549 6.714344 2.896936 0 0 1 0 0 0 0
51 0 29064 0 0.000000000000E+00 16.4627 -6.500306 11.87544 0 0 1 0 0 0 0
52 0 29064 0 0.000000000000E+00 10.96947 -6.574379 17.51119 0 0 1 0 0 0 0
53 0 29064 0 0.000000000000E+00 -0.711083 6.452918 -5.977229 0 0 1 0 0 0 0
54 0 29064 0 0.000000000000E+00 -2.693049 -7.469759 -1.172147 0 0 1 0 0 0 0
55 0 29064 0 0.000000000000E+00 20.42275 2.670331 8.261995 0 0 1 0 0 0 0
56 0 29064 0 0.000000000000E+00 -5.993052 -0.7715262 -7.946749 0 0 1 0 0 0 0
57 0 29064 0 0.000000000000E+00 3.117677 -3.392382 12.49719 0 0 1 0 0 0 0
58 0 29064 0 0.000000000000E+00 12.314 2.667584 16.29108 0 0 1 0 0 0 0
59 0 29064 0 0.000000000000E+00 -2.154548 -2.387556 2.195309 0 0 1 0 0 0 0
60 0 29064 0 0.000000000000E+00 6.242688 4.231698 0.4906944 0 0 1 0 0 0 0
61 0 29064 0 0.000000000000E+00 -1.962443 0.9648417 2.020242 0 0 1 0 0 0 0
62 0 29064 0 0.000000000000E+00 18.04524 2.149171 10.5748 0 0 1 0 0 0 0
63 0 29064 0 0.000000000000E+00 -11.93863 -0.1582454 -1.993062 0 0 1 0 0 0 0
64 0 29064 0 0.000000000000E+00 3.630854 -1.348131 -3.613088 0 0 1 0 0 0 0
65 0 29064 0 0.000000000000E+00 -6.951969 -7.432474 -5.350874 0 0 1 0 0 0 0
66 0 29064 0 0.000000000000E+00 -6.619516 7.563781 -6.011354 0 0 1 0 0 0 0
67 0 29064 0 0.000000000000E+00 21.18433 2.298929 6.954081 0 0 1 0 0 0 0
68 0 29064 0 0.000000000000E+00 3.102349 -1.285053 -7.32421 0 0 1 0 0 0 0
69 0 29064 0 0.000000000000E+00 5.049504 0.1334501 8.446234 0 0 1 0 0 0 0
70 0 29064 0 0.000000000000E+00 4.516962 1.637145 11.20127 0 0 1 0 0 0 0
71 0 29064 0 0.000000000000E+00 -0.5458382 -0.9626219 0.6326622 0 0 1 0 0 0 0
72 0 29064 0 0.000000000000E+00 7.793025 -4.061194 8.145835 0 0 1 0 0 0 0
73 0 29064 0 0.000000000000E+00 3.315905 5.12587 4.065779 0 0 1 0 0 0 0
74 0 29064 0 0.000000000000E+00 3.700201 4.080713 -1.2519 0 0 1 0 0 0 0
75 0 29064 0 0.000000000000E+00 15.23613 -0.2849369 13.16173 0 0 1 0 0 0 0
76 0 29064 0 0.000000000000E+00 5.01068 -4.177695 10.12831 0 0 1 0 0 0 0
77 0 29064 0 0.000000000000E+00 17.71066 -8.163659 10.96252 0 0 1 0 0 0 0
78 0 29064 0 0.000000000000E+00 7.533253 3.219071 7.968065 0 0 1 0 0 0 0
79 0 29064 0 0.000000000000E+00 22.11442 7.79828 11.58878 0 0 1 0 0 0 0
80 0 29064 0 0.000000000000E+00 -3.330247 -5.212742 -10.61722 0 0 1 0 0 0 0
81 0 29064 0 0.000000000000E+00 16.26968 7.426415 11.84512 0 0 1 0 0 0 0
82 0 29064 0 0.000000000000E+00 0.7180983 5.400586 6.055248 0 0 1 0 0 0 0
83 0 29064 0 0.000000000000E+00 1.708372 -1.461736 -1.608938 0 0 1 0 0 0 0
84 0 29064 0 0.000000000000E+00 7.450008 -2.318012 5.952509 0 0 1 0 0 0 0
85 0 29064 0 0.000000000000E+00 20.19645 2.182601 7.839428 0 0 1 0 0 0 0
86 0 29064 0 0.000000000000E+00 5.156716 0.342184 8.120787 0 0 1 0 0 0 0
87 0 29064 0 0.000000000000E+00 5.126379 3.576296 -0.7053044 0 0 1 0 0 0 0
88 0 29064 0 0.000000000000E+00 11.35206 5.440462 17.31995 0 0 1 0 0 0 0
89 0 29064 0 0.000000000000E+00 -1.541057 -7.485956 -1.860868 0 0 1 0 0 0 0
90 0 29064 0 0.000000000000E+00 3.694425 6.613163 11.76889 0 0 1 0 0 0 0
91 0 29064 0 0.000000000000E+00 4.313624 -2.94959 11.254 0 0 1 0 0 0 0
92 0 29064 0 0.000000000000E+00 11.51143 -0.3596195 4.315687 0 0 1 0 0 0 0
93 0 29064 0 0.000000000000E+00 8.680586 1.794186 19.71386 0 0 1 0 0 0 0
94 0 29064 0 0.000000000000E+00 2.232271 -0.4312929 -0.1976665 0 0 1 0 0 0 0
95 0 29064 0 0.000000000000E+00 3.951683 1.898549 11.35706 0 0 1 0 0 0 0
96 0 29064 0 0.000000000000E+00 -2.846398 -2.01201 -2.666267 0 0 1 0 0 0 0
97 0 29064 0 0.000000000000E+00 18.88015 -5.614124 9.520117 0 0 1 0 0 0 0
98 0 29064 0 0.000000000000E+00 -5.239129 1.231102 4.879898 0 0 1 0 0 0 0
99 0 29064 0 0.000000000000E+00 6.315782 0.04334572 6.650593 0 0 1 0 0 0 0
100 0 29064 0 0.000000000000E+00 2.542864 1.497877 13.43225 0 0 1 0 0 0 0
101 0 29064 0 0.000000000000E+00 15.98616 0.07375035 12.2571 0 0 1 0 0 0 0
102 0 29064 0 0.000000000000E+00 17.8423 -3.384259 10.80522 0 0 1 0 0 0 0
103 0 29064 0 0.000000000000E+00 15.64986 -2.874043 12.71713 0 0 1 0 0 0 0
104 0 29064 0 0.000000000000E+00 17.91542 -1.982995 10.70675 0 0 1 0 0 0 0
105 0 29064 0 0.000000000000E+00 -2.053178 6.929622 -6.590955 0 0 1 0 0 0 0
106 0 29064 0 0.000000000000E+00 13.58912 7.272793 15.08803 0 0 1 0 0 0 0
107 0 29064 0 0.000000000000E+00 -0.2736524 -1.590539 -5.112775 0 0 1 0 0 0 0
108 0 29064 0 0.000000000000E+00 1.268466 4.064062 -1.670664 0 0 1 0 0 0 0
109 0 29064 0 0.000000000000E+00 2.491461 -1.747563 12.97369 0 0 1 0 0 0 0
110 0 29064 0 0.000000000000E+00 3.26529 3.746436 3.456943 0 0 1 0 0 0 0
111 0 29064 0 0.000000000000E+00 14.87148 4.792977 13.55278 0 0 1 0 0 0 0
112 0 29064 0 0.000000000000E+00 20.20206 10.03336 14.65763 0 0 1 0 0 0 0
113 0 29064 0 0.000000000000E+00 7.11426 7.04094 8.306141 0 0 1 0 0 0 0
114 0 29064 0 0.000000000000E+00 5.178051 -5.465349 1.792109 0 0 1 0 0 0 0
115 0 29064 0 0.000000000000E+00 11.75592 9.146654 9.843029 0 0 1 0 0 0 0
116 0 29064 0 0.000000000000E+00 24.88784 8.159561 14.95544 0 0 1 0 0 0 0
117 0 29064 0 0.000000000000E+00 7.713815 2.171215 6.581516 0 0 1 0 0 0 0
118 0 29064 0 0.000000000000E+00 17.0017 0.2508073 11.13897 0 0 1 0 0 0 0
119 0 29064 0 0.000000000000E+00 20.2041 -3.579711 8.042204 0 0 1 0 0 0 0
120 0 29064 0 0.000000000000E+00 -4.464163 -7.424531 -5.384799 0 0 1 0 0 0 0
121 0 29064 0 0.000000000000E+00 15.04952 -10.2188 12.85049 0 0 1 0 0 0 0
122 0 29064 0 0.000000000000E+00 10.01633 5.222527 5.622338 0 0 1 0 0 0 0
123 0 29064 0 0.000000000000E+00 7.22138 8.541022 8.749718 0 0 1 0 0 0 0
124 0 29064 0 0.000000000000E+00 5.668729 -3.219881 9.835293 0 0 1 0 0 0 0
125 0 29064 0 0.000000000000E+00 10.10132 7.948389 17.99732 0 0 1 0 0 0 0
126 0 29064 0 0.000000000000E+00 14.28512 2.473035 14.38099 0 0 1 0 0 0 0
127 0 29064 0 0.000000000000E+00 20.85546 -1.752448 7.61452 0 0 1 0 0 0 0
128 0 29064 0 0.000000000000E+00 16.19705 6.982805 7.701486 0 0 1 0 0 0 0
129 0 29064 0 0.000000000000E+00 2.586979 -4.179247 -2.909837 0 0 1 0 0 0 0
130 0 29064 0 0.000000000000E+00 17.8423 -3.384259 10.80522 0 0 1 0 0 0 0
131 0 29064 0 0.000000000000E+00 -2.956091 -0.1740607 2.885117 0 0 1 0 0 0 0
132 0 29064 0 0.000000000000E+00 11.64474 -8.925776 16.39046 0 0 1 0 0 0 0
133 0 29064 0 0.000000000000E+00 16.45681 -7.409753 11.66585 0 0 1 0 0 0 0
134 0 29064 0 0.000000000000E+00 4.893248 3.547127 10.74792 0 0 1 0 0 0 0
135 0 29064 0 0.000000000000E+00 4.654607 6.347156 2.767924 0 0 1 0 0 0 0
136 0 29064 0 0.000000000000E+00 9.352877 -6.170343 19.042 0 0 1 0 0 0 0
137 0 29064 0 0.000000000000E+00 11.05433 0.2702636 4.672645 0 0 1 0 0 0 0
138 0 29064 0 0.000000000000E+00 19.75097 2.657631 8.650533 0 0 1 0 0 0 0
139 0 29064 0 0.000000000000E+00 17.44868 -5.974347 10.44357 0 0 1 0 0 0 0
140 0 29064 0 0.000000000000E+00 20.11017 10.23107 15.66501 0 0 1 0 0 0 0
141 0 29064 0 0.000000000000E+00 6.974881 1.024189 21.45136 0 0 1 0 0 0 0
142 0 29064 0 0.000000000000E+00 8.51662 -6.234648 19.49162 0 0 1 0 0 0 0
143 0 29064 0 0.000000000000E+00 -1.461527 -0.2989987 -12.06783 0 0 1 0 0 0 0
144 0 29064 0 0.000000000000E+00 21.04428 1.198355 7.597391 0 0 1 0 0 0 0
145 0 29064 0 0.000000000000E+00 19.80654 6.644722 8.559573 0 0 1 0 0 0 0
146 0 29064 0 0.000000000000E+00 13.53745 -1.646272 12.79452 0 0 1 0 0 0 0
147 0 29064 0 0.000000000000E+00 8.640701 -1.803224 19.87809 0 0 1 0 0 0 0
148 0 29064 0 0.000000000000E+00 11.16847 -4.179042 4.322304 0 0 1 0 0 0 0
149 0 29064 0 0.000000000000E+00 -0.9800153 0.688621 1.816225 0 0 1 0 0 0 0
150 0 29064 0 0.000000000000E+00 7.034338 -2.20854 21.17809 0 0 1 0 0 0 0
151 0 29064 0 0.000000000000E+00 -1.478125 -6.957838 -5.808539 0 0 1 0 0 0 0
152 0 29064 0 0.000000000000E+00 18.45045 -5.80296 10.10255 0 0 1 0 0 0 0
153 0 29064 0 0.000000000000E+00 19.55601 9.59461 12.72657 0 0 1 0 0 0 0
154 0 29064 0 0.000000000000E+00 9.728013 -6.773846 18.95947 0 0 1 0 0 0 0
155 0 29064 0 0.000000000000E+00 6.985976 1.603743 21.05314 0 0 1 0 0 0 0
156 0 29064 0 0.000000000000E+00 18.49976 -3.797866 10.09346 0 0 1 0 0 0 0
157 0 29064 0 0.000000000000E+00 6.657318 -1.616575 0.1439528 0 0 1 0 0 0 0
158 0 29064 0 0.000000000000E+00 10.00703 -6.224656 17.92605 0 0 1 0 0 0 0
159 0 29064 0 0.000000000000E+00 15.34265 3.662519 12.7961 0 0 1 0 0 0 0
160 0 29064 0 0.000000000000E+00 20.73933 -1.384022 7.553821 0 0 1 0 0 0 0
161 0 29064 0 0.000000000000E+00 4.538843 0.2730582 2.768448 0 0 1 0 0 0 0
162 0 29064 0 0.000000000000E+00 9.916243 5.342943 5.899025 0 0 1 0 0 0 0
163 0 29064 0 0.000000000000E+00 4.878531 0.1578946 8.21672 0 0 1 0 0 0 0
164 0 29064 0 0.000000000000E+00 12.50121 -1.475105 3.394459 0 0 1 0 0 0 0
165 0 29064 0 0.000000000000E+00 19.26023 -1.729413 9.019766 0 0 1 0 0 0 0
166 0 29064 0 0.000000000000E+00 7.117928 -2.682278 -0.3203752 0 0 1 0 0 0 0
167 0 29064 0 0.000000000000E+00 2.579076 -5.678452 -2.421815 0 0 1 0 0 0 0
168 0 29064 0 0.000000000000E+00 12.93099 4.333628 2.476183 0 0 1 0 0 0 0
169 0 29064 0 0.000000000000E+00 22.96629 8.791334 14.26729 0 0 1 0 0 0 0
170 0 29064 0 0.000000000000E+00 2.010004 -5.639489 -1.995312 0 0 1 0 0 0 0
171 0 29064 0 0.000000000000E+00 16.59464 -3.901094 11.39082 0 0 1 0 0 0 0
172 0 29064 0 0.000000000000E+00 7.10949 5.128352 -0.3013954 0 0 1 0 0 0 0
173 0 29064 0 0.000000000000E+00 17.68403 -7.017361 10.37596 0 0 1 0 0 0 0
174 0 29064 0 0.000000000000E+00 10.99319 1.046468 4.885348 0 0 1 0 0 0 0
175 0 29064 0 0.000000000000E+00 4.409523 0.3087375 -4.111931 0 0 1 0 0 0 0
176 0 29064 0 0.000000000000E+00 17.81414 7.079144 10.85233 0 0 1 0 0 0 0
177 0 29064 0 0.000000000000E+00 10.4667 -6.858923 18.15889 0 0 1 0 0 0 0
178 0 29064 0 0.000000000000E+00 17.92972 -2.039757 10.4595 0 0 1 0 0 0 0
179 0 29064 0 0.000000000000E+00 3.431813 2.535837 11.8459 0 0 1 0 0 0 0
180 0 29064 0 0.000000000000E+00 11.68935 -2.847864 16.64305 0 0 1 0 0 0 0
181 0 29064 0 0.000000000000E+00 2.220864 -6.441009 -1.953359 0 0 1 0 0 0 0
182 0 29064 0 0.000000000000E+00 9.508908 -7.348933 19.14531 0 0 1 0 0 0 0
183 0 29064 0 0.000000000000E+00 13.91805 3.710858 14.14279 0 0 1 0 0 0 0
184 0 29064 0 0.000000000000E+00 4.119972 6.923017 3.046641 0 0 1 0 0 0 0
185 0 29064 0 0.000000000000E+00 20.11017 10.23107 15.66501 0 0 1 0 0 0 0
186 0 29064 0 0.000000000000E+00 5.283663 3.871608 10.36487 0 0 1 0 0 0 0
187 0 29064 0 0.000000000000E+00 15.99561 5.324455 11.90333 0 0 1 0 0 0 0
188 0 29064 0 0.000000000000E+00 2.135566 -2.871277 13.00947 0 0 1 0 0 0 0
189 0 29064 0 0.000000000000E+00 19.78744 2.729838 8.223988 0 0 1 0 0 0 0
190 0 29064 0 0.000000000000E+00 5.088755 -2.409835 -4.952784 0 0 1 0 0 0 0
191 0 29064 0 0.000000000000E+00 5.341529 -0.9573419 -4.959001 0 0 1 0 0 0 0
192 0 29064 0 0.000000000000E+00 2.779486 5.764523 -4.301067 0 0 1 0 0 0 0
193 0 29064 0 0.000000000000E+00 -4.230294 -0.3735542 3.960123 0 0 1 0 0 0 0
194 0 29064 0 0.000000000000E+00 13.01834 -8.489597 15.31514 0 0 1 0 0 0 0
195 0 29064 0 0.000000000000E+00 19.07742 4.444883 8.844791 0 0 1 0 0 0 0
196 0 29064 0 0.000000000000E+00 13.68213 -8.53131 14.99953 0 0 1 0 0 0 0
197 0 29064 0 0.000000000000E+00 4.522653 3.958784 11.13565 0 0 1 0 0 0 0
198 0 29064 0 0.000000000000E+00 -7.362417 -4.993566 -6.590341 0 0 1 0 0 0 0
199 0 29064 0 0.000000000000E+00 14.06366 8.505794 8.747858 0 0 1 0 0 0 0
200 0 29064 0 0.000000000000E+00 12.59191 7.760016 5.304743 0 0 1 0 0 0 0
201 0 29064 0 0.000000000000E+00 12.08574 4.089375 16.57133 0 0 1 0 0 0 0
202 0 29064 0 0.000000000000E+00 7.577307 3.84145 -0.7656203 0 0 1 0 0 0 0
203 0 29064 0 0.000000000000E+00 5.861842 1.733395 -1.518221 0 0 1 0 0 0 0
204 0 29064 0 0.000000000000E+00 17.7648 4.184806 10.11969 0 0 1 0 0 0 0
205 0 29064 0 0.000000000000E+00 7.947924 -4.845988 20.26134 0 0 1 0 0 0 0
206 0 29064 0 0.000000000000E+00 9.176338 -6.313473 6.730777 0 0 1 0 0 0 0
207 0 29064 0 0.000000000000E+00 12.18137 -5.445989 3.409379 0 0 1 0 0 0 0
208 0 29064 0 0.000000000000E+00 16.31179 -8.262128 12.10094 0 0 1 0 0 0 0
209 0 29064 0 0.000000000000E+00 9.495979 -5.114545 18.40064 0 0 1 0 0 0 0
210 0 29064 0 0.000000000000E+00 12.75686 5.115643 15.1115 0 0 1 0 0 0 0
211 0 29064 0 0.000000000000E+00 10.50806 5.148583 17.94832 0 0 1 0 0 0 0
212 0 29064 0 0.000000000000E+00 10.29467 -4.83613 4.92103 0 0 1 0 0 0 0
213 0 29064 0 0.000000000000E+00 9.544715 2.302318 18.61768 0 0 1 0 0 0 0
214 0 29064 0 0.000000000000E+00 19.09293 7.31009 9.572546 0 0 1 0 0 0 0
215 0 29064 0 0.000000000000E+00 -8.179626 0.5444196 -5.725592 0 0 1 0 0 0 0
216 0 29064 0 0.000000000000E+00 13.05634 2.47313 2.390102 0 0 1 0 0 0 0
217 0 29064 0 0.000000000000E+00 -1.166418 1.734848 -11.44089 0 0 1 0 0 0 0
218 0 29064 0 0.000000000000E+00 9.693172 -3.310914 18.94265 0 0 1 0 0 0 0
219 0 29064 0 0.000000000000E+00 13.90468 -0.5037937 13.08112 0 0 1 0 0 0 0
220 0 29064 0 0.000000000000E+00 15.27685 2.521831 12.99624 0 0 1 0 0 0 0
221 0 29064 0 0.000000000000E+00 10.5455 -3.959208 5.176157 0 0 1 0 0 0 0
222 0 29064 0 0.000000000000E+00 -5.679149 -7.456719 -5.670888 0 0 1 0 0 0 0
223 0 29064 0 0.000000000000E+00 3.750583 1.537621 12.01286 0 0 1 0 0 0 0
224 0 29064 0 0.000000000000E+00 4.992156 -0.1763601 1.814852 0 0 1 0 0 0 0
225 0 29064 0 0.000000000000E+00 6.115062 -1.320522 9.539714 0 0 1 0 0 0 0
226 0 29064 0 0.000000000000E+00 -10.03635 4.18221 -3.911382 0 0 1 0 0 0 0
227 0 29064 0 0.000000000000E+00 0.5899442 4.630919 -0.2772822 0 0 1 0 0 0 0
228 0 29064 0 0.000000000000E+00 17.19638 -0.3226243 11.4779 0 0 1 0 0 0 0
229 0 29064 0 0.000000000000E+00 18.85261 -6.307191 9.506219 0 0 1 0 0 0 0
230 0 29064 0 0.000000000000E+00 15.36695 8.096317 9.029396 0 0 1 0 0 0 0
231 0 29064 0 0.000000000000E+00 16.76449 6.97838 11.29962 0 0 1 0 0 0 0
232 0 29064 0 0.000000000000E+00 5.079658 2.570719 -4.65977 0 0 1 0 0 0 0
233 0 29064 0 0.000000000000E+00 2.804432 5.741423 -4.332933 0 0 1 0 0 0 0
234 0 29064 0 0.000000000000E+00 20.65557 1.113799 7.613352 0 0 1 0 0 0 0
235 0 29064 0 0.000000000000E+00 7.389917 -3.132833 -0.2222784 0 0 1 0 0 0 0
236 0 29064 0 0.000000000000E+00 1.626097 7.193952 5.521791 0 0 1 0 0 0 0
237 0 29064 0 0.000000000000E+00 4.928407 2.357269 -2.013994 0 0 1 0 0 0 0
238 0 29064 0 0.000000000000E+00 18.4995 6.788231 9.856927 0 0 1 0 0 0 0
239 0 29064 0 0.000000000000E+00 15.45854 7.26243 13.19098 0 0 1 0 0 0 0
240 0 29064 0 0.000000000000E+00 15.78835 -3.377511 12.11615 0 0 1 0 0 0 0
241 0 29064 0 0.000000000000E+00 -3.179109 -2.044992 -10.79261 0 0 1 0 0 0 0
242 0 29064 0 0.000000000000E+00 18.44627 5.950926 9.566157 0 0 1 0 0 0 0
243 0 29064 0 0.000000000000E+00 4.619664 -4.608434 11.27578 0 0 1 0 0 0 0
244 0 29064 0 0.000000000000E+00 1.576482 4.991928 3.643181 0 0 1 0 0 0 0
245 0 29064 0 0.000000000000E+00 9.439165 5.154451 18.60357 0 0 1 0 0 0 0
246 0 29064 0 0.000000000000E+00 12.70469 -5.734524 15.99613 0 0 1 0 0 0 0
247 0 29064 0 0.000000000000E+00 24.88784 8.159561 14.95544 0 0 1 0 0 0 0
248 0 29064 0 0.000000000000E+00 13.23728 2.820761 1.932758 0 0 1 0 0 0 0
249 0 29064 0 0.000000000000E+00 11.7933 -7.139261 16.64389 0 0 1 0 0 0 0
250 0 29064 0 0.000000000000E+00 1.336235 5.344396 3.003242 0 0 1 0 0 0 0
251 0 29064 0 0.000000000000E+00 9.279268 1.592342 6.356264 0 0 1 0 0 0 0
252 0 29064 0 0.000000000000E+00 17.09313 -5.057593 11.26692 0 0 1 0 0 0 0
253 0 29064 0 0.000000000000E+00 -1.896119 -0.6803277 2.122932 0 0 1 0 0 0 0
254 0 29064 0 0.000000000000E+00 2.804432 5.741423 -4.332933 0 0 1 0 0 0 0
255 0 29064 0 0.000000000000E+00 1.860264 7.293074 4.925783 0 0 1 0 0 0 0
256 0 29064 0 0.000000000000E+00 15.21205 -0.1747991 13.34277 0 0 1 0 0 0 0
257 0 29064 0 0.000000000000E+00 -2.234844 -2.219849 2.330813 0 0 1 0 0 0 0
258 0 29064 0 0.000000000000E+00 10.92157 6.675979 16.9699 0 0 1 0 0 0 0
259 0 29064 0 0.000000000000E+00 8.791984 -2.193629 19.32554 0 0 1 0 0 0 0
260 0 29064 0 0.000000000000E+00 8.429241 2.462009 1.503846 0 0 1 0 0 0 0
261 0 29064 0 0.000000000000E+00 -4.611415 -2.306805 4.918067 0 0 1 0 0 0 0
262 0 29064 0 0.000000000000E+00 2.938112 -6.127038 3.782478 0 0 1 0 0 0 0
263 0 29064 0 0.000000000000E+00 7.878401 0.1851638 5.576303 0 0 1 0 0 0 0
264 0 29064 0 0.000000000000E+00 3.156612 2.120944 -7.022298 0 0 1 0 0 0 0
265 0 29064 0 0.000000000000E+00 4.116889 -0.8958883 -6.491855 0 0 1 0 0 0 0
266 0 29064 0 0.000000000000E+00 6.370197 5.37364 9.10753 0 0 1 0 0 0 0
267 0 29064 0 0.000000000000E+00 13.03688 -0.06878583 2.167086 0 0 1 0 0 0 0
268 0 29064 0 0.000000000000E+00 13.81002 -0.3547171 13.63106 0 0 1 0 0 0 0
269 0 29064 0 0.000000000000E+00 4.928407 2.357269 -2.013994 0 0 1 0 0 0 0
270 0 29064 0 0.000000000000E+00 10.79343 5.763722 17.34583 0 0 1 0 0 0 0
271 0 29064 0 0.000000000000E+00 -3.946103 0.4609811 3.74228 0 0 1 0 0 0 0
272 0 29064 0 0.000000000000E+00 16.94605 -7.859135 11.72932 0 0 1 0 0 0 0
273 0 29064 0 0.000000000000E+00 11.05885 -0.1924352 4.710988 0 0 1 0 0 0 0
274 0 29064 0 0.000000000000E+00 19.66914 -3.508203 8.948042 0 0 1 0 0 0 0
275 0 29064 0 0.000000000000E+00 12.89142 -0.4416048 3.073513 0 0 1 0 0 0 0
276 0 29064 0 0.000000000000E+00 3.900612 7.104136 2.888079 0 0 1 0 0 0 0
277 0 29064 0 0.000000000000E+00 3.056807 2.735706 12.34265 0 0 1 0 0 0 0
278 0 29064 0 0.000000000000E+00 11.51239 5.248994 17.06014 0 0 1 0 0 0 0
279 0 29064 0 0.000000000000E+00 16.85352 0.6091722 11.36282 0 0 1 0 0 0 0
280 0 29064 0 0.000000000000E+00 -3.169308 -0.02730418 3.574316 0 0 1 0 0 0 0
281 0 29064 0 0.000000000000E+00 8.168959 -0.5353642 4.946081 0 0 1 0 0 0 0
282 0 29064 0 0.000000000000E+00 20.47793 -1.871491 8.072825 0 0 1 0 0 0 0
283 0 29064 0 0.000000000000E+00 3.986579 5.168831 5.845175 0 0 1 0 0 0 0
284 0 29064 0 0.000000000000E+00 -6.889747 -6.997749 -2.539209 0 0 1 0 0 0 0
285 0 29064 0 0.000000000000E+00 -9.045039 -4.838176 -0.6872851 0 0 1 0 0 0 0
286 0 29064 0 0.000000000000E+00 -10.72662 2.292308 -2.993539 0 0 1 0 0 0 0
287 0 29064 0 0.000000000000E+00 17.08508 -4.301254 11.45076 0 0 1 0 0 0 0
288 0 29064 0 0.000000000000E+00 12.60126 5.515811 3.262159 0 0 1 0 0 0 0
289 0 29064 0 0.000000000000E+00 15.07463 -9.058239 13.08942 0 0 1 0 0 0 0
290 0 29064 0 0.000000000000E+00 10.46026 0.1619006 18.0531 0 0 1 0 0 0 0
291 0 29064 0 0.000000000000E+00 9.009684 -4.722997 19.25486 0 0 1 0 0 0 0
292 0 29064 0 0.000000000000E+00 -6.707868 3.692234 2.465521 0 0 1 0 0 0 0
293 0 29064 0 0.000000000000E+00 6.735997 3.124387 8.680322 0 0 1 0 0 0 0
294 0 29064 0 0.000000000000E+00 7.533253 3.219071 7.968065 0 0 1 0 0 0 0
295 0 29064 0 0.000000000000E+00 1.618002 1.880085 1.113309 0 0 1 0 0 0 0
296 0 29064 0 0.000000000000E+00 13.58912 7.272793 15.08803 0 0 1 0 0 0 0
297 0 29064 0 0.000000000000E+00 1.618975 0.9182203 0.139943 0 0 1 0 0 0 0
298 0 29064 0 0.000000000000E+00 0.880125 3.162239 -0.5551055 0 0 1 0 0 0 0
299 0 29064 0 0.000000000000E+00 -7.780353 7.446689 -5.694732 0 0 1 0 0 0 0
300 0 29064 0 0.000000000000E+00 8.889785 -1.829612 -1.503798 0 0 1 0 0 0 0
301 0 29064 0 0.000000000000E+00 -2.035426 0.9452183 -6.647452 0 0 1 0 0 0 0
302 0 29064 0 0.000000000000E+00 14.14555 -0.400905 1.745212 0 0 1 0 0 0 0
303 0 29064 0 0.000000000000E+00 18.72523 -8.10844 9.807209 0 0 1 0 0 0 0
304 0 29064 0 0.000000000000E+00 11.42678 3.802047 16.5656 0 0 1 0 0 0 0
305 0 29064 0 0.000000000000E+00 6.171982 6.688109 1.043832 0 0 1 0 0 0 0
306 0 29064 0 0.000000000000E+00 -4.649991 -3.299716 4.736732 0 0 1 0 0 0 0
307 0 29064 0 0.000000000000E+00 20.56501 0.7063631 7.846644 0 0 1 0 0 0 0
308 0 29064 0 0.000000000000E+00 1.666608 -0.04395442 13.67181 0 0 1 0 0 0 0
309 0 29064 0 0.000000000000E+00 8.856102 7.754619 6.922505 0 0 1 0 0 0 0
310 0 29064 0 0.000000000000E+00 -0.7106868 -6.062748 -6.852262 0 0 1 0 0 0 0
311 0 29064 0 0.000000000000E+00 16.85352 0.6091722 11.36282 0 0 1 0 0 0 0
312 0 29064 0 0.000000000000E+00 -2.000597 0.7731341 8.778126 0 0 1 0 0 0 0
313 0 29064 0 0.000000000000E+00 4.562057 -4.278002 2.210725 0 0 1 0 0 0 0
314 0 29064 0 0.000000000000E+00 13.06844 3.351161 15.21959 0 0 1 0 0 0 0
315 0 29064 0 0.000000000000E+00 17.33942 -6.331004 10.97226 0 0 1 0 0 0 0
316 0 29064 0 0.000000000000E+00 6.795232 2.406875 7.140841 0 0 1 0 0 0 0
317 0 29064 0 0.000000000000E+00 12.54594 1.993159 3.181575 0 0 1 0 0 0 0
318 0 29064 0 0.000000000000E+00 7.25433 6.537417 7.95898 0 0 1 0 0 0 0
319 0 29064 0 0.000000000000E+00 10.31439 -0.07755472 17.61961 0 0 1 0 0 0 0
320 0 29064 0 0.000000000000E+00 3.392237 0.8516592 -7.21523 0 0 1 0 0 0 0
321 0 29064 0 0.000000000000E+00 6.580783 -0.4982173 8.316177 0 0 1 0 0 0 0
322 0 29064 0 0.000000000000E+00 -6.715467 -5.297635 0.8971268 0 0 1 0 0 0 0
323 0 29064 0 0.000000000000E+00 -7.327983 -0.3375779 3.479939 0 0 1 0 0 0 0
324 0 29064 0 0.000000000000E+00 7.802735 1.956796 5.541281 0 0 1 0 0 0 0
325 0 29064 0 0.000000000000E+00 2.864739 -5.419931 12.35553 0 0 1 0 0 0 0
326 0 29064 0 0.000000000000E+00 2.804432 5.741423 -4.332933 0 0 1 0 0 0 0
327 0 29064 0 0.000000000000E+00 18.67762 4.045824 9.592448 0 0 1 0 0 0 0
328 0 29064 0 0.000000000000E+00 16.7321 8.063848 11.15832 0 0 1 0 0 0 0
329 0 29064 0 0.000000000000E+00 10.88251 -8.507066 17.09777 0 0 1 0 0 0 0
330 0 29064 0 0.000000000000E+00 7.636303 -7.252839 7.946316 0 0 1 0 0 0 0
331 0 29064 0 0.000000000000E+00 13.0636 1.343631 13.19269 0 0 1 0 0 0 0
332 0 29064 0 0.000000000000E+00 12.03105 3.537678 16.53986 0 0 1 0 0 0 0
333 0 29064 0 0.000000000000E+00 8.861918 -3.912884 19.38506 0 0 1 0 0 0 0
334 0 29064 0 0.000000000000E+00 17.12567 8.476446 11.51234 0 0 1 0 0 0 0
335 0 29064 0 0.000000000000E+00 3.258363 5.578507 -3.947038 0 0 1 0 0 0 0
336 0 29064 0 0.000000000000E+00 -7.128852 -6.978908 -6.802434 0 0 1 0 0 0 0
337 0 29064 0 0.000000000000E+00 7.589593 2.966404 20.31058 0 0 1 0 0 0 0
338 0 29064 0 0.000000000000E+00 9.413058 5.255168 19.2685 0 0 1 0 0 0 0
339 0 29064 0 0.000000000000E+00 7.25533 1.374315 8.018721 0 0 1 0 0 0 0
340 0 29064 0 0.000000000000E+00 4.876622 -6.652438 2.340075 0 0 1 0 0 0 0
341 0 29064 0 0.000000000000E+00 11.79277 7.948547 5.10051 0 0 1 0 0 0 0
342 0 29064 0 0.000000000000E+00 19.63398 -5.821986 8.962353 0 0 1 0 0 0 0
343 0 29064 0 0.000000000000E+00 16.40709 2.747767 12.00272 0 0 1 0 0 0 0
344 0 29064 0 0.000000000000E+00 16.84821 -3.244494 11.65979 0 0 1 0 0 0 0
345 0 29064 0 0.000000000000E+00 18.20326 5.357693 9.729105 0 0 1 0 0 0 0
346 0 29064 0 0.000000000000E+00 4.008301 -5.640501 11.66047 0 0 1 0 0 0 0
347 0 29064 0 0.000000000000E+00 13.53745 -1.646272 12.79452 0 0 1 0 0 0 0
348 0 29064 0 0.000000000000E+00 20.48037 -0.3891437 8.226941 0 0 1 0 0 0 0
349 0 29064 0 0.000000000000E+00 19.6029 4.70168 8.929556 0 0 1 0 0 0 0
350 0 29064 0 0.000000000000E+00 20.52805 -1.731364 7.40301 0 0 1 0 0 0 0
351 0 29064 0 0.000000000000E+00 13.4883 -3.551959 14.82758 0 0 1 0 0 0 0
352 0 29064 0 0.000000000000E+00 3.017014 2.275115 4.38949 0 0 1 0 0 0 0
353 0 29064 0 0.000000000000E+00 24.88784 8.159561 14.95544 0 0 1 0 0 0 0
354 0 29064 0 0.000000000000E+00 18.04524 2.149171 10.5748 0 0 1 0 0 0 0
355 0 29064 0 0.000000000000E+00 16.71901 -3.396551 11.2911 0 0 1 0 0 0 0
356 0 29064 0 0.000000000000E+00 20.11443 3.332507 7.871149 0 0 1 0 0 0 0
357 0 29064 0 0.000000000000E+00 10.52769 5.481664 5.283734 0 0 1 0 0 0 0
358 0 29064 0 0.000000000000E+00 16.40889 -6.468834 11.45292 0 0 1 0 0 0 0
359 0 29064 0 0.000000000000E+00 7.773659 5.021727 20.49999 0 0 1 0 0 0 0
360 0 29064 0 0.000000000000E+00 6.873561 1.264787 9.053815 0 0 1 0 0 0 0
361 0 29064 0 0.000000000000E+00 8.115141 -0.8014786 -0.9325175 0 0 1 0 0 0 0
362 0 29064 0 0.000000000000E+00 -4.73411 6.229827 1.112826 0 0 1 0 0 0 0
363 0 29064 0 0.000000000000E+00 8.566088 3.12799 2.387446 0 0 1 0 0 0 0
364 0 29064 0 0.000000000000E+00 21.23403 3.391192 7.407977 0 0 1 0 0 0 0
365 0 29064 0 0.000000000000E+00 -3.408917 -6.161648 -9.381859 0 0 1 0 0 0 0
366 0 29064 0 0.000000000000E+00 9.255828 -6.854186 6.398404 0 0 1 0 0 0 0
367 0 29064 0 0.000000000000E+00 16.66284 5.102833 11.34302 0 0 1 0 0 0 0
368 0 29064 0 0.000000000000E+00 13.95237 -1.578192 14.19211 0 0 1 0 0 0 0
369 0 29064 0 0.000000000000E+00 13.35752 3.477583 14.51718 0 0 1 0 0 0 0
370 0 29064 0 0.000000000000E+00 12.96832 -9.443978 15.48255 0 0 1 0 0 0 0
371 0 29064 0 0.000000000000E+00 16.09693 4.416803 12.20306 0 0 1 0 0 0 0
372 0 29064 0 0.000000000000E+00 9.817211 9.142057 7.545778 0 0 1 0 0 0 0
373 0 29064 0 0.000000000000E+00 4.959107 -1.801061 -5.166974 0 0 1 0 0 0 0
374 0 29064 0 0.000000000000E+00 5.640421 0.4160506 8.597831 0 0 1 0 0 0 0
375 0 29064 0 0.000000000000E+00 7.904153 -3.559037 7.994712 0 0 1 0 0 0 0
376 0 29064 0 0.000000000000E+00 9.745375 3.992128 5.41341 0 0 1 0 0 0 0
377 0 29064 0 0.000000000000E+00 11.59866 4.687628 16.86607 0 0 1 0 0 0 0
378 0 29064 0 0.000000000000E+00 7.259496 -2.830559 20.74158 0 0 1 0 0 0 0
379 0 29064 0 0.000000000000E+00 15.9884 5.306383 11.90611 0 0 1 0 0 0 0
380 0 29064 0 0.000000000000E+00 12.84912 2.012923 15.85782 0 0 1 0 0 0 0
381 0 29064 0 0.000000000000E+00 5.985486 -1.267583 6.861607 0 0 1 0 0 0 0
382 0 29064 0 0.000000000000E+00 7.28614 -4.184651 7.848606 0 0 1 0 0 0 0
383 0 29064 0 0.000000000000E+00 13.66489 -0.1364115 1.987492 0 0 1 0 0 0 0
384 0 29064 0 0.000000000000E+00 15.43707 -9.906705 12.84851 0 0 1 0 0 0 0
385 0 29064 0 0.000000000000E+00 12.19925 4.846404 15.67839 0 0 1 0 0 0 0
386 0 29064 0 0.000000000000E+00 7.11545 4.768975 8.562275 0 0 1 0 0 0 0
387 0 29064 0 0.000000000000E+00 10.45659 -6.504296 17.42227 0 0 1 0 0 0 0
388 0 29064 0 0.000000000000E+00 2.88497 -2.9243 12.75659 0 0 1 0 0 0 0
389 0 29064 0 0.000000000000E+00 6.433919 -6.980853 8.984445 0 0 1 0 0 0 0
390 0 29064 0 0.000000000000E+00 20.09235 -0.4021927 8.24143 0 0 1 0 0 0 0
391 0 29064 0 0.000000000000E+00 11.10502 -6.83548 17.49262 0 0 1 0 0 0 0
392 0 29064 0 0.000000000000E+00 1.557735 -7.000101 -1.962159 0 0 1 0 0 0 0
393 0 29064 0 0.000000000000E+00 9.148715 7.927633 6.709163 0 0 1 0 0 0 0
394 0 29064 0 0.000000000000E+00 2.742546 -6.62431 -2.573118 0 0 1 0 0 0 0
395 0 29064 0 0.000000000000E+00 8.696048 -7.870054 6.922543 0 0 1 0 0 0 0
396 0 29064 0 0.000000000000E+00 17.6449 -7.033993 10.38616 0 0 1 0 0 0 0
397 0 29064 0 0.000000000000E+00 0.9889811 -2.000597 1.293779 0 0 1 0 0 0 0
398 0 29064 0 0.000000000000E+00 0.9016619 4.937149 5.856515 0 0 1 0 0 0 0
399 0 29064 0 0.000000000000E+00 18.5681 -7.531123 10.05477 0 0 1 0 0 0 0
400 0 29064 0 0.000000000000E+00 13.23619 -0.3971788 2.48672 0 0 1 0 0 0 0
401 0 29064 0 0.000000000000E+00 9.289263 -6.885256 18.58641 0 0 1 0 0 0 0
402 0 29064 0 0.000000000000E+00 6.249897 -2.011441 8.502421 0 0 1 0 0 0 0
403 0 29064 0 0.000000000000E+00 17.55977 8.721784 10.44003 0 0 1 0 0 0 0
404 0 29064 0 0.000000000000E+00 2.639133 1.731401 4.415424 0 0 1 0 0 0 0
405 0 29064 0 0.000000000000E+00 12.2122 -8.631612 16.08199 0 0 1 0 0 0 0
406 0 29064 0 0.000000000000E+00 12.85284 7.69201 15.40669 0 0 1 0 0 0 0
407 0 29064 0 0.000000000000E+00 4.653568 3.338555 10.97167 0 0 1 0 0 0 0
408 0 29064 0 0.000000000000E+00 13.72306 7.114146 14.85704 0 0 1 0 0 0 0
409 0 29064 0 0.000000000000E+00 17.30187 8.438829 11.29917 0 0 1 0 0 0 0
410 0 29064 0 0.000000000000E+00 19.00983 -4.962198 9.378485 0 0 1 0 0 0 0
411 0 29064 0 0.000000000000E+00 -7.609459 4.600794 0.739124 0 0 1 0 0 0 0
412 0 29064 0 0.000000000000E+00 -1.374698 -1.805087 8.795888 0 0 1 0 0 0 0
413 0 29064 0 0.000000000000E+00 3.866471 3.005726 11.62577 0 0 1 0 0 0 0
414 0 29064 0 0.000000000000E+00 14.04476 3.926049 13.83575 0 0 1 0 0 0 0
415 0 29064 0 0.000000000000E+00 11.48024 -3.46818 17.17676 0 0 1 0 0 0 0
416 0 29064 0 0.000000000000E+00 4.103238 -0.5432355 -4.244518 0 0 1 0 0 0 0
417 0 29064 0 0.000000000000E+00 11.71914 -3.300751 16.97938 0 0 1 0 0 0 0
418 0 29064 0 0.000000000000E+00 17.18983 0.8931488 11.45593 0 0 1 0 0 0 0
419 0 29064 0 0.000000000000E+00 -0.001396405 1.552406 7.253568 0 0 1 0 0 0 0
420 0 29064 0 0.000000000000E+00 4.632347 6.82699 10.53012 0 0 1 0 0 0 0
421 0 29064 0 0.000000000000E+00 13.68675 7.72848 14.56741 0 0 1 0 0 0 0
422 0 29064 0 0.000000000000E+00 20.66986 -2.118307 7.346765 0 0 1 0 0 0 0
423 0 29064 0 0.000000000000E+00 2.653673 7.617635 4.586236 0 0 1 0 0 0 0
424 0 29064 0 0.000000000000E+00 12.55811 -3.458771 15.85538 0 0 1 0 0 0 0
425 0 29064 0 0.000000000000E+00 20.16511 -4.234655 7.729065 0 0 1 0 0 0 0
426 0 29064 0 0.000000000000E+00 17.50605 0.1798687 11.1794 0 0 1 0 0 0 0
427 0 29064 0 0.000000000000E+00 10.56911 3.80284 17.96233 0 0 1 0 0 0 0
428 0 29064 0 0.000000000000E+00 15.75568 3.062026 12.81704 0 0 1 0 0 0 0
429 0 29064 0 0.000000000000E+00 8.030847 3.12745 -1.115584 0 0 1 0 0 0 0
430 0 29064 0 0.000000000000E+00 14.14555 -0.400905 1.745212 0 0 1 0 0 0 0
431 0 29064 0 0.000000000000E+00 2.050521 1.918479 13.88213 0 0 1 0 0 0 0
432 0 29064 0 0.000000000000E+00 -0.5492753 3.249944 -10.09163 0 0 1 0 0 0 0
433 0 29064 0 0.000000000000E+00 20.50014 2.471762 7.441404 0 0 1 0 0 0 0
434 0 29064 0 0.000000000000E+00 17.18594 -1.049827 10.95182 0 0 1 0 0 0 0
435 0 29064 0 0.000000000000E+00 13.6586 -0.7166891 2.213189 0 0 1 0 0 0 0
436 0 29064 0 0.000000000000E+00 12.32433 -1.867795 16.34589 0 0 1 0 0 0 0
437 0 29064 0 0.000000000000E+00 13.63184 0.9770202 13.30614 0 0 1 0 0 0 0
438 0 29064 0 0.000000000000E+00 -0.1463103 -5.868218 -6.712349 0 0 1 0 0 0 0
439 0 29064 0 0.000000000000E+00 5.11871 2.494017 -1.655447 0 0 1 0 0 0 0
440 0 29064 0 0.000000000000E+00 7.839849 -4.8177 -0.5162724 0 0 1 0 0 0 0
441 0 29064 0 0.000000000000E+00 13.09264 -0.6848235 2.507213 0 0 1 0 0 0 0
442 0 29064 0 0.000000000000E+00 8.743266 0.1045896 1.343419 0 0 1 0 0 0 0
443 0 29064 0 0.000000000000E+00 3.254113 5.252523 2.635006 0 0 1 0 0 0 0
444 0 29064 0 0.000000000000E+00 -2.378677 0.8039212 -11.60126 0 0 1 0 0 0 0
445 0 29064 0 0.000000000000E+00 10.56248 2.702561 5.280402 0 0 1 0 0 0 0
446 0 29064 0 0.000000000000E+00 5.766159 1.447668 1.279074 0 0 1 0 0 0 0
447 0 29064 0 0.000000000000E+00 3.59763 5.217273 12.17451 0 0 1 0 0 0 0
448 0 29064 0 0.000000000000E+00 3.728408 5.141456 6.08271 0 0 1 0 0 0 0
449 0 29064 0 0.000000000000E+00 8.575372 -2.472855 -1.789559 0 0 1 0 0 0 0
450 0 29064 0 0.000000000000E+00 10.12493 -7.258938 18.30405 0 0 1 0 0 0 0
451 0 29064 0 0.000000000000E+00 9.516314 7.996913 6.28795 0 0 1 0 0 0 0
452 0 29064 0 0.000000000000E+00 6.237335 -4.195152 0.8190582 0 0 1 0 0 0 0
453 0 29064 0 0.000000000000E+00 -5.74744 -3.970952 3.25031 0 0 1 0 0 0 0
454 0 29064 0 0.000000000000E+00 13.75434 -8.804151 14.34336 0 0 1 0 0 0 0
455 0 29064 0 0.000000000000E+00 12.58792 -0.3121949 14.55889 0 0 1 0 0 0 0
456 0 29064 0 0.000000000000E+00 19.03102 -1.725194 9.580291 0 0 1 0 0 0 0
457 0 29064 0 0.000000000000E+00 7.839849 -4.8177 -0.5162724 0 0 1 0 0 0 0
458 0 29064 0 0.000000000000E+00 15.68469 6.453741 6.200691 0 0 1 0 0 0 0
459 0 29064 0 0.000000000000E+00 14.38449 -0.5877605 12.84379 0 0 1 0 0 0 0
460 0 29064 0 0.000000000000E+00 1.576175 5.050274 5.365899 0 0 1 0 0 0 0
461 0 29064 0 0.000000000000E+00 6.771676 5.399964 2.273259 0 0 1 0 0 0 0
462 0 29064 0 0.000000000000E+00 13.84957 1.180304 1.756933 0 0 1 0 0 0 0
463 0 29064 0 0.000000000000E+00 3.830576 1.102981 -5.855149 0 0 1 0 0 0 0
464 0 29064 0 0.000000000000E+00 15.57928 -6.097973 12.68061 0 0 1 0 0 0 0
465 0 29064 0 0.000000000000E+00 0.0462142 -1.9741 -10.13652 0 0 1 0 0 0 0
466 0 29064 0 0.000000000000E+00 14.38449 -0.5877605 12.84379 0 0 1 0 0 0 0
467 0 29064 0 0.000000000000E+00 19.02041 -1.715485 8.962811 0 0 1 0 0 0 0
468 0 29064 0 0.000000000000E+00 11.7757 8.06944 5.434807 0 0 1 0 0 0 0
469 0 29064 0 0.000000000000E+00 20.006 -4.290176 8.051755 0 0 1 0 0 0 0
470 0 29064 0 0.000000000000E+00 20.52805 -1.731364 7.40301 0 0 1 0 0 0 0
471 0 29064 0 0.000000000000E+00 7.532053 -4.684482 20.33982 0 0 1 0 0 0 0
472 0 29064 0 0.000000000000E+00 -1.151064 -4.42967 1.102904 0 0 1 0 0 0 0
473 0 29064 0 0.000000000000E+00 10.38259 -0.6090097 4.886487 0 0 1 0 0 0 0
474 0 29064 0 0.000000000000E+00 6.967967 4.49319 2.961782 0 0 1 0 0 0 0
475 0 29064 0 0.000000000000E+00 7.723861 3.087138 -0.7855381 0 0 1 0 0 0 0
476 0 29064 0 0.000000000000E+00 7.326884 -3.300228 8.601658 0 0 1 0 0 0 0
477 0 29064 0 0.000000000000E+00 -0.9038982 -2.395328 -10.95285 0 0 1 0 0 0 0
478 0 29064 0 0.000000000000E+00 12.86465 5.134166 3.07827 0 0 1 0 0 0 0
479 0 29064 0 0.000000000000E+00 21.29772 -0.2111777 6.962263 0 0 1 0 0 0 0
480 0 29064 0 0.000000000000E+00 -7.327983 -0.3375779 3.479939 0 0 1 0 0 0 0
481 0 29064 0 0.000000000000E+00 16.40709 2.747767 12.00272 0 0 1 0 0 0 0
482 0 29064 0 0.000000000000E+00 8.883402 -7.525581 6.98284 0 0 1 0 0 0 0
483 0 29064 0 0.000000000000E+00 15.73204 2.373759 12.38661 0 0 1 0 0 0 0
484 0 29064 0 0.000000000000E+00 -8.777478 -1.843496 -5.144884 0 0 1 0 0 0 0
485 0 29064 0 0.000000000000E+00 11.6232 5.426469 16.55156 0 0 1 0 0 0 0
486 0 29064 0 0.000000000000E+00 13.98573 8.914464 10.34652 0 0 1 0 0 0 0
487 0 29064 0 0.000000000000E+00 18.44132 10.48628 15.15809 0 0 1 0 0 0 0
488 0 29064 0 0.000000000000E+00 18.92943 -6.674026 9.358717 0 0 1 0 0 0 0
489 0 29064 0 0.000000000000E+00 8.571454 -3.124795 -1.191499 0 0 1 0 0 0 0
490 0 29064 0 0.000000000000E+00 6.382487 -2.374372 0.3777051 0 0 1 0 0 0 0
491 0 29064 0 0.000000000000E+00 14.11991 8.156608 14.33647 0 0 1 0 0 0 0
492 0 29064 0 0.000000000000E+00 14.65598 -0.6676315 13.79059 0 0 1 0 0 0 0
493 0 29064 0 0.000000000000E+00 3.700201 4.080713 -1.2519 0 0 1 0 0 0 0
494 0 29064 0 0.000000000000E+00 15.17745 -3.643447 12.69016 0 0 1 0 0 0 0
495 0 29064 0 0.000000000000E+00 12.45219 0.2566094 27.74816 0 0 1 0 0 0 0
496 0 29064 0 0.000000000000E+00 2.528801 6.688023 4.808906 0 0 1 0 0 0 0
497 0 29064 0 0.000000000000E+00 13.74123 -1.663875 1.591079 0 0 1 0 0 0 0
498 0 29064 0 0.000000000000E+00 3.468622 -4.2888 -3.390512 0 0 1 0 0 0 0
499 0 29064 0 0.000000000000E+00 17.86034 -3.04205 10.04181 0 0 1 0 0 0 0
500 0 29064 0 0.000000000000E+00 15.47853 -4.421996 13.1446 0 0 1 0 0 0 0
501 0 29064 0 0.000000000000E+00 15.19314 -0.5266923 13.49904 0 0 1 0 0 0 0
502 0 29064 0 0.000000000000E+00 9.863898 -0.5633438 18.51485 0 0 1 0 0 0 0
503 0 29064 0 0.000000000000E+00 7.534369 2.004697 20.88636 0 0 1 0 0 0 0
504 0 29064 0 0.000000000000E+00 14.97255 -6.989723 13.2077 0 0 1 0 0 0 0
505 0 29064 0 0.000000000000E+00 20.19245 4.7988 8.320063 0 0 1 0 0 0 0
506 0 29064 0 0.000000000000E+00 8.232865 5.976392 7.285874 0 0 1 0 0 0 0
507 0 29064 0 0.000000000000E+00 0.5939445 5.433076 0.1867228 0 0 1 0 0 0 0
508 0 29064 0 0.000000000000E+00 6.238485 2.178721 8.013137 0 0 1 0 0 0 0
509 0 29064 0 0.000000000000E+00 -4.550305 -7.346358 -7.023761 0 0 1 0 0 0 0
510 0 29064 0 0.000000000000E+00 21.93936 10.29149 17.60769 0 0 1 0 0 0 0
511 0 29064 0 0.000000000000E+00 5.87956 -4.388827 9.286267 0 0 1 0 0 0 0
512 0 29064 0 0.000000000000E+00 2.742673 4.058864 12.60216 0 0 1 0 0 0 0
513 0 29064 0 0.000000000000E+00 14.66361 5.909867 13.72194 0 0 1 0 0 0 0
514 0 29064 0 0.000000000000E+00 2.291614 1.818345 4.524151 0 0 1 0 0 0 0
515 0 29064 0 0.000000000000E+00 10.84992 4.924427 17.04452 0 0 1 0 0 0 0
516 0 29064 0 0.000000000000E+00 -1.496115 1.641944 8.858771 0 0 1 0 0 0 0
517 0 29064 0 0.000000000000E+00 13.84395 1.660937 2.056496 0 0 1 0 0 0 0
518 0 29064 0 0.000000000000E+00 9.71194 -5.131452 5.882338 0 0 1 0 0 0 0
519 0 29064 0 0.000000000000E+00 -0.9297558 -1.643098 -3.779151 0 0 1 0 0 0 0
520 0 29064 0 0.000000000000E+00 17.88343 4.339481 10.45298 0 0 1 0 0 0 0
521 0 29064 0 0.000000000000E+00 17.77503 6.489541 10.13922 0 0 1 0 0 0 0
522 0 29064 0 0.000000000000E+00 15.90711 -8.102433 12.67775 0 0 1 0 0 0 0
523 0 29064 0 0.000000000000E+00 14.519 -5.939364 13.51077 0 0 1 0 0 0 0
524 0 29064 0 0.000000000000E+00 6.313355 -3.214433 9.487541 0 0 1 0 0 0 0
525 0 29064 0 0.000000000000E+00 20.05779 3.23927 8.472701 0 0 1 0 0 0 0
526 0 29064 0 0.000000000000E+00 13.14052 -1.395425 13.29339 0 0 1 0 0 0 0
527 0 29064 0 0.000000000000E+00 -6.409955 -1.256575 -7.549459 0 0 1 0 0 0 0
528 0 29064 0 0.000000000000E+00 11.35206 5.440462 17.31995 0 0 1 0 0 0 0
529 0 29064 0 0.000000000000E+00 13.58971 -1.468273 14.34043 0 0 1 0 0 0 0
530 0 29064 0 0.000000000000E+00 14.37935 4.200629 13.76932 0 0 1 0 0 0 0
531 0 29064 0 0.000000000000E+00 11.22749 1.130839 3.99507 0 0 1 0 0 0 0
532 0 29064 0 0.000000000000E+00 -0.5434701 1.899697 -5.241772 0 0 1 0 0 0 0
533 0 29064 0 0.000000000000E+00 10.9366 3.410499 4.821461 0 0 1 0 0 0 0
534 0 29064 0 0.000000000000E+00 2.994338 -1.16479 -3.376554 0 0 1 0 0 0 0
535 0 29064 0 0.000000000000E+00 14.97255 -6.989723 13.2077 0 0 1 0 0 0 0
536 0 29064 0 0.000000000000E+00 -9.969304 2.136986 0.3273144 0 0 1 0 0 0 0
537 0 29064 0 0.000000000000E+00 9.896225 8.417221 18.00198 0 0 1 0 0 0 0
538 0 29064 0 0.000000000000E+00 4.301125 -3.09138 -4.01718 0 0 1 0 0 0 0
539 0 29064 0 0.000000000000E+00 7.352998 2.220591 20.71197 0 0 1 0 0 0 0
540 0 29064 0 0.000000000000E+00 13.58971 -1.468273 14.34043 0 0 1 0 0 0 0
541 0 29064 0 0.000000000000E+00 13.12774 2.609199 2.397061 0 0 1 0 0 0 0
542 0 29064 0 0.000000000000E+00 17.78855 -4.965816 10.88194 0 0 1 0 0 0 0
543 0 29064 0 0.000000000000E+00 7.306853 -8.067412 8.552971 0 0 1 0 0 0 0
544 0 29064 0 0.000000000000E+00 10.65254 1.566528 5.255577 0 0 1 0 0 0 0
545 0 29064 0 0.000000000000E+00 19.77822 -2.885082 8.328118 0 0 1 0 0 0 0
546 0 29064 0 0.000000000000E+00 12.72204 -3.168337 15.24762 0 0 1 0 0 0 0
547 0 29064 0 0.000000000000E+00 11.65195 -2.266212 4.226099 0 0 1 0 0 0 0
548 0 29064 0 0.000000000000E+00 13.98833 1.618566 13.48675 0 0 1 0 0 0 0
549 0 29064 0 0.000000000000E+00 -3.041444 7.576768 -3.461787 0 0 1 0 0 0 0
550 0 29064 0 0.000000000000E+00 6.630482 -5.019623 0.3495101 0 0 1 0 0 0 0
551 0 29064 0 0.000000000000E+00 8.985865 2.932225 19.48694 0 0 1 0 0 0 0
552 0 29064 0 0.000000000000E+00 -1.840549 5.749377 1.720658 0 0 1 0 0 0 0
553 0 29064 0 0.000000000000E+00 15.35767 -0.848077 13.01665 0 0 1 0 0 0 0
554 0 29064 0 0.000000000000E+00 8.485804 -6.333699 19.45873 0 0 1 0 0 0 0
555 0 29064 0 0.000000000000E+00 5.808142 -5.71052 1.35117 0 0 1 0 0 0 0
556 0 29064 0 0.000000000000E+00 11.05885 -0.1924352 4.710988 0 0 1 0 0 0 0
557 0 29064 0 0.000000000000E+00 7.330686 1.174934 21.20245 0 0 1 0 0 0 0
558 0 29064 0 0.000000000000E+00 20.59969 0.4782253 7.868746 0 0 1 0 0 0 0
559 0 29064 0 0.000000000000E+00 -11.1264 3.110216 -2.820655 0 0 1 0 0 0 0
560 0 29064 0 0.000000000000E+00 18.17273 -5.601805 9.874103 0 0 1 0 0 0 0
561 0 29064 0 0.000000000000E+00 5.298593 -5.111667 1.868339 0 0 1 0 0 0 0
562 0 29064 0 0.000000000000E+00 0.8900796 2.553592 -1.145064 0 0 1 0 0 0 0
563 0 29064 0 0.000000000000E+00 14.11395 9.362727 13.84145 0 0 1 0 0 0 0
564 0 29064 0 0.000000000000E+00 6.694607 1.395467 6.444147 0 0 1 0 0 0 0
565 0 29064 0 0.000000000000E+00 3.406626 4.187124 12.00775 0 0 1 0 0 0 0
566 0 29064 0 0.000000000000E+00 -3.73089 5.711281 -10.12813 0 0 1 0 0 0 0
567 0 29064 0 0.000000000000E+00 9.372798 -8.041319 18.65583 0 0 1 0 0 0 0
568 0 29064 0 0.000000000000E+00 17.44376 3.86044 10.85751 0 0 1 0 0 0 0
569 0 29064 0 0.000000000000E+00 6.121441 -0.07329353 7.523934 0 0 1 0 0 0 0
570 0 29064 0 0.000000000000E+00 7.406078 -5.618989 -0.03102257 0 0 1 0 0 0 0
571 0 29064 0 0.000000000000E+00 20.3549 4.10454 7.569216 0 0 1 0 0 0 0
572 0 29064 0 0.000000000000E+00 0.9840896 -7.096852 -2.682291 0 0 1 0 0 0 0
573 0 29064 0 0.000000000000E+00 13.77745 -6.019996 14.55365 0 0 1 0 0 0 0
574 0 29064 0 0.000000000000E+00 16.83713 5.689396 11.33789 0 0 1 0 0 0 0
575 0 29064 0 0.000000000000E+00 5.494759 7.38017 10.29488 0 0 1 0 0 0 0
576 0 29064 0 0.000000000000E+00 7.245616 4.233452 8.611023 0 0 1 0 0 0 0
577 0 29064 0 0.000000000000E+00 9.869115 -7.834178 5.27895 0 0 1 0 0 0 0
578 0 29064 0 0.000000000000E+00 9.659217 -7.639227 18.70964 0 0 1 0 0 0 0
579 0 29064 0 0.000000000000E+00 10.48209 6.425803 5.126884 0 0 1 0 0 0 0
580 0 29064 0 0.000000000000E+00 6.299801 2.391281 9.60554 0 0 1 0 0 0 0
581 0 29064 0 0.000000000000E+00 -6.049074 -6.819829 -1.681371 0 0 1 0 0 0 0
582 0 29064 0 0.000000000000E+00 12.19062 -4.088486 16.15599 0 0 1 0 0 0 0
583 0 29064 0 0.000000000000E+00 9.52738 -3.862292 19.12623 0 0 1 0 0 0 0
584 0 29064 0 0.000000000000E+00 11.36554 -4.698874 16.54536 0 0 1 0 0 0 0
585 0 29064 0 0.000000000000E+00 -0.7973046 6.420884 -6.525586 0 0 1 0 0 0 0
586 0 29064 0 0.000000000000E+00 10.42631 -6.656524 17.57206 0 0 1 0 0 0 0
587 0 29064 0 0.000000000000E+00 10.55821 8.041875 17.51673 0 0 1 0 0 0 0
588 0 29064 0 0.000000000000E+00 -0.1939754 2.646984 7.200231 0 0 1 0 0 0 0
589 0 29064 0 0.000000000000E+00 1.859567 4.194833 5.459632 0 0 1 0 0 0 0
590 0 29064 0 0.000000000000E+00 7.553885 -0.7921479 7.350073 0 0 1 0 0 0 0
591 0 29064 0 0.000000000000E+00 -0.2338889 -0.07356532 -5.26698 0 0 1 0 0 0 0
592 0 29064 0 0.000000000000E+00 20.17916 4.830597 7.824052 0 0 1 0 0 0 0
593 0 29064 0 0.000000000000E+00 -0.8430729 -0.3512432 1.448887 0 0 1 0 0 0 0
594 0 29064 0 0.000000000000E+00 9.343115 -8.061564 18.56189 0 0 1 0 0 0 0
595 0 29064 0 0.000000000000E+00 -4.04795 -6.121713 2.405023 0 0 1 0 0 0 0
596 0 29064 0 0.000000000000E+00 10.86695 -3.801551 17.32682 0 0 1 0 0 0 0
597 0 29064 0 0.000000000000E+00 5.580367 -2.243261 9.835347 0 0 1 0 0 0 0
598 0 29064 0 0.000000000000E+00 6.844214 5.338766 0.2345781 0 0 1 0 0 0 0
599 0 29064 0 0.000000000000E+00 -2.209464 -4.935054 -10.46289 0 0 1 0 0 0 0
600 0 29064 0 0.000000000000E+00 3.730658 -5.34671 11.56355 0 0 1 0 0 0 0
601 0 29064 0 0.000000000000E+00 4.816017 6.644887 10.85183 0 0 1 0 0 0 0
602 0 29064 0 0.000000000000E+00 10.03521 -7.920267 18.54307 0 0 1 0 0 0 0
603 0 29064 0 0.000000000000E+00 6.179763 -6.327456 0.7693804 0 0 1 0 0 0 0
604 0 29064 0 0.000000000000E+00 -7.916968 0.8899742 -5.841281 0 0 1 0 0 0 0
605 0 29064 0 0.000000000000E+00 -0.7961156 0.8433735 -11.53748 0 0 1 0 0 0 0
606 0 29064 0 0.000000000000E+00 -3.015422 5.561765 3.09148 0 0 1 0 0 0 0
607 0 29064 0 0.000000000000E+00 13.78223 8.880646 14.23477 0 0 1 0 0 0 0
608 0 29064 0 0.000000000000E+00 1.350788 7.364533 -1.133507 0 0 1 0 0 0 0
609 0 29064 0 0.000000000000E+00 -4.587235 -3.085059 -9.230302 0 0 1 0 0 0 0
610 0 29064 0 0.000000000000E+00 6.134536 5.249552 7.41282 0 0 1 0 0 0 0
611 0 29064 0 0.000000000000E+00 4.103238 -0.5432355 -4.244518 0 0 1 0 0 0 0
612 0 29064 0 0.000000000000E+00 18.30209 -5.159112 9.63403 0 0 1 0 0 0 0
613 0 29064 0 0.000000000000E+00 -3.981018 -5.178177 3.928312 0 0 1 0 0 0 0
614 0 29064 0 0.000000000000E+00 13.62703 -5.392526 15.03379 0 0 1 0 0 0 0
615 0 29064 0 0.000000000000E+00 8.867344 6.607537 19.22341 0 0 1 0 0 0 0
616 0 29064 0 0.000000000000E+00 15.14631 -4.314978 13.1943 0 0 1 0 0 0 0
617 0 29064 0 0.000000000000E+00 2.703084 5.163276 12.62464 0 0 1 0 0 0 0
618 0 29064 0 0.000000000000E+00 8.458654 -7.864216 7.015005 0 0 1 0 0 0 0
619 0 29064 0 0.000000000000E+00 0.1258937 -0.4073222 1.74872 0 0 1 0 0 0 0
620 0 29064 0 0.000000000000E+00 6.597253 6.07207 0.2525442 0 0 1 0 0 0 0
621 0 29064 0 0.000000000000E+00 1.762272 2.508768 5.57675 0 0 1 0 0 0 0
622 0 29064 0 0.000000000000E+00 13.03194 -5.772975 15.37214 0 0 1 0 0 0 0
623 0 29064 0 0.000000000000E+00 -4.569365 6.922008 -0.5341718 0 0 1 0 0 0 0
624 0 29064 0 0.000000000000E+00 -0.4503253 3.44431 7.771854 0 0 1 0 0 0 0
625 0 29064 0 0.000000000000E+00 14.70847 -0.1216997 12.37567 0 0 1 0 0 0 0
626 0 29064 0 0.000000000000E+00 18.95663 5.032694 9.026875 0 0 1 0 0 0 0
627 0 29064 0 0.000000000000E+00 8.123399 -2.330122 20.02822 0 0 1 0 0 0 0
628 0 29064 0 0.000000000000E+00 -5.265116 6.933976 -0.802796 0 0 1 0 0 0 0
629 0 29064 0 0.000000000000E+00 18.17301 8.134659 10.15849 0 0 1 0 0 0 0
630 0 29064 0 0.000000000000E+00 5.155304 -0.5433588 -4.735379 0 0 1 0 0 0 0
631 0 29064 0 0.000000000000E+00 16.26961 5.993658 12.42623 0 0 1 0 0 0 0
632 0 29064 0 0.000000000000E+00 8.077861 4.291703 3.492704 0 0 1 0 0 0 0
633 0 29064 0 0.000000000000E+00 -6.390346 -7.571106 -4.965859 0 0 1 0 0 0 0
634 0 29064 0 0.000000000000E+00 17.63556 -8.58695 10.58527 0 0 1 0 0 0 0
635 0 29064 0 0.000000000000E+00 19.29275 6.666146 9.05848 0 0 1 0 0 0 0
636 0 29064 0 0.000000000000E+00 13.6533 -8.787785 14.55204 0 0 1 0 0 0 0
637 0 29064 0 0.000000000000E+00 17.32622 -1.745298 11.26779 0 0 1 0 0 0 0
638 0 29064 0 0.000000000000E+00 1.076801 -3.284617 5.679863 0 0 1 0 0 0 0
639 0 29064 0 0.000000000000E+00 9.995932 -0.118771 5.236258 0 0 1 0 0 0 0
640 0 29064 0 0.000000000000E+00 -5.427523 -1.393729 5.238297 0 0 1 0 0 0 0
641 0 29064 0 0.000000000000E+00 7.24042 1.638613 8.118626 0 0 1 0 0 0 0
642 0 29064 0 0.000000000000E+00 14.88929 -1.628838 13.81832 0 0 1 0 0 0 0
643 0 29064 0 0.000000000000E+00 13.79397 -0.5550042 1.387916 0 0 1 0 0 0 0
644 0 29064 0 0.000000000000E+00 10.98543 2.368381 4.146688 0 0 1 0 0 0 0
645 0 29064 0 0.000000000000E+00 9.315235 7.698101 6.216246 0 0 1 0 0 0 0
646 0 29064 0 0.000000000000E+00 13.32075 2.30797 1.850704 0 0 1 0 0 0 0
647 0 29064 0 0.000000000000E+00 5.778778 -1.614296 7.911351 0 0 1 0 0 0 0
648 0 29064 0 0.000000000000E+00 13.38905 9.030614 15.26838 0 0 1 0 0 0 0
649 0 29064 0 0.000000000000E+00 15.26863 9.150232 12.71084 0 0 1 0 0 0 0
650 0 29064 0 0.000000000000E+00 17.80846 -6.000084 10.89404 0 0 1 0 0 0 0
651 0 29064 0 0.000000000000E+00 23.21315 9.165955 15.1129 0 0 1 0 0 0 0
652 0 29064 0 0.000000000000E+00 18.70288 3.721303 9.875521 0 0 1 0 0 0 0
653 0 29064 0 0.000000000000E+00 4.834119 3.760578 11.0276 0 0 1 0 0 0 0
654 0 29064 0 0.000000000000E+00 9.88372 1.55287 2.555541 0 0 1 0 0 0 0
655 0 29064 0 0.000000000000E+00 12.83381 9.078406 9.960489 0 0 1 0 0 0 0
656 0 29064 0 0.000000000000E+00 14.78034 4.141723 13.09339 0 0 1 0 0 0 0
657 0 29064 0 0.000000000000E+00 21.12073 0.5201104 6.849337 0 0 1 0 0 0 0
658 0 29064 0 0.000000000000E+00 20.19245 4.7988 8.320063 0 0 1 0 0 0 0
659 0 29064 0 0.000000000000E+00 5.808142 -5.71052 1.35117 0 0 1 0 0 0 0
660 0 29064 0 0.000000000000E+00 20.11017 10.23107 15.66501 0 0 1 0 0 0 0
661 0 29064 0 0.000000000000E+00 3.802024 4.927361 1.425772 0 0 1 0 0 0 0
662 0 29064 0 0.000000000000E+00 13.22761 -3.265575 2.513629 0 0 1 0 0 0 0
663 0 29064 0 0.000000000000E+00 18.86309 4.078658 9.354298 0 0 1 0 0 0 0
664 0 29064 0 0.000000000000E+00 16.74918 1.514207 11.95037 0 0 1 0 0 0 0
665 0 29064 0 0.000000000000E+00 7.072745 3.143364 -0.1088287 0 0 1 0 0 0 0
666 0 29064 0 0.000000000000E+00 8.188817 -3.149267 7.584887 0 0 1 0 0 0 0
667 0 29064 0 0.000000000000E+00 21.31942 -1.506726 7.125144 0 0 1 0 0 0 0
668 0 29064 0 0.000000000000E+00 12.98631 -9.553207 15.58357 0 0 1 0 0 0 0
669 0 29064 0 0.000000000000E+00 7.80269 -0.0186922 20.8759 0 0 1 0 0 0 0
670 0 29064 0 0.000000000000E+00 3.25429 1.963413 4.053661 0 0 1 0 0 0 0
671 0 29064 0 0.000000000000E+00 9.674966 7.793913 5.551057 0 0 1 0 0 0 0
672 0 29064 0 0.000000000000E+00 -0.6168566 1.637041 7.736733 0 0 1 0 0 0 0
673 0 29064 0 0.000000000000E+00 10.95797 -6.425156 17.65625 0 0 1 0 0 0 0
674 0 29064 0 0.000000000000E+00 13.13692 0.8339834 14.73404 0 0 1 0 0 0 0
675 0 29064 0 0.000000000000E+00 10.67371 -0.8353175 17.56738 0 0 1 0 0 0 0
676 0 29064 0 0.000000000000E+00 0.8809675 -3.854736 -0.4966792 0 0 1 0 0 0 0
677 0 29064 0 0.000000000000E+00 9.491216 5.711914 6.45007 0 0 1 0 0 0 0
678 0 29064 0 0.000000000000E+00 12.83723 -0.1794372 13.66003 0 0 1 0 0 0 0
679 0 29064 0 0.000000000000E+00 1.68559 0.8107272 13.87849 0 0 1 0 0 0 0
680 0 29064 0 0.000000000000E+00 8.92028 5.938679 6.911891 0 0 1 0 0 0 0
681 0 29064 0 0.000000000000E+00 -8.089964 1.505845 -5.714919 0 0 1 0 0 0 0
682 0 29064 0 0.000000000000E+00 11.89468 -4.610306 3.4743 0 0 1 0 0 0 0
683 0 29064 0 0.000000000000E+00 0.846208 -6.970106 -3.566292 0 0 1 0 0 0 0
684 0 29064 0 0.000000000000E+00 -0.1969713 2.678461 6.964689 0 0 1 0 0 0 0
685 0 29064 0 0.000000000000E+00 12.38353 -6.00096 15.97719 0 0 1 0 0 0 0
686 0 29064 0 0.000000000000E+00 13.27623 -0.5763562 13.98814 0 0 1 0 0 0 0
687 0 29064 0 0.000000000000E+00 11.29507 -4.314585 17.3001 0 0 1 0 0 0 0
688 0 29064 0 0.000000000000E+00 16.7321 8.063848 11.15832 0 0 1 0 0 0 0
689 0 29064 0 0.000000000000E+00 12.61639 9.498196 15.30682 0 0 1 0 0 0 0
690 0 29064 0 0.000000000000E+00 16.76666 7.557731 11.5509 0 0 1 0 0 0 0
691 0 29064 0 0.000000000000E+00 17.20888 3.835652 11.42505 0 0 1 0 0 0 0
692 0 29064 0 0.000000000000E+00 10.81134 5.126187 4.420592 0 0 1 0 0 0 0
693 0 29064 0 0.000000000000E+00 -2.709338 -0.3314461 3.103714 0 0 1 0 0 0 0
694 0 29064 0 0.000000000000E+00 13.62703 -5.392526 15.03379 0 0 1 0 0 0 0
695 0 29064 0 0.000000000000E+00 7.505121 1.406203 5.833666 0 0 1 0 0 0 0
696 0 29064 0 0.000000000000E+00 12.75717 -6.424764 15.26242 0 0 1 0 0 0 0
697 0 29064 0 0.000000000000E+00 2.629768 6.484246 4.126354 0 0 1 0 0 0 0
698 0 29064 0 0.000000000000E+00 8.990777 3.608074 19.1898 0 0 1 0 0 0 0
699 0 29064 0 0.000000000000E+00 4.420362 -6.054642 11.44214 0 0 1 0 0 0 0
700 0 29064 0 0.000000000000E+00 -10.72662 2.292308 -2.993539 0 0 1 0 0 0 0
701 0 29064 0 0.000000000000E+00 11.74475 -2.914537 16.88911 0 0 1 0 0 0 0
702 0 29064 0 0.000000000000E+00 16.88133 -3.786089 11.10029 0 0 1 0 0 0 0
703 0 29064 0 0.000000000000E+00 8.189845 5.17559 20.16206 0 0 1 0 0 0 0
704 0 29064 0 0.000000000000E+00 8.873253 2.430185 6.561006 0 0 1 0 0 0 0
705 0 29064 0 0.000000000000E+00 11.68688 3.293808 16.26054 0 0 1 0 0 0 0
706 0 29064 0 0.000000000000E+00 11.31512 3.037734 16.88112 0 0 1 0 0 0 0
707 0 29064 0 0.000000000000E+00 13.5831 7.415797 14.8853 0 0 1 0 0 0 0
708 0 29064 0 0.000000000000E+00 -1.378161 -1.70304 8.52067 0 0 1 0 0 0 0
709 0 29064 0 0.000000000000E+00 7.24042 1.638613 8.118626 0 0 1 0 0 0 0
710 0 29064 0 0.000000000000E+00 15.47853 -4.421996 13.1446 0 0 1 0 0 0 0
711 0 29064 0 0.000000000000E+00 7.994926 7.937257 7.672906 0 0 1 0 0 0 0
712 0 29064 0 0.000000000000E+00 9.688065 -7.752517 5.810966 0 0 1 0 0 0 0
713 0 29064 0 0.000000000000E+00 -0.1463103 -5.868218 -6.712349 0 0 1 0 0 0 0
714 0 29064 0 0.000000000000E+00 11.23514 6.174085 4.299067 0 0 1 0 0 0 0
715 0 29064 0 0.000000000000E+00 19.25545 3.988501 9.088318 0 0 1 0 0 0 0
716 0 29064 0 0.000000000000E+00 7.042014 7.219963 8.091977 0 0 1 0 0 0 0
717 0 29064 0 0.000000000000E+00 7.700305 5.647463 7.47428 0 0 1 0 0 0 0
718 0 29064 0 0.000000000000E+00 20.20681 -4.025184 7.770462 0 0 1 0 0 0 0
719 0 29064 0 0.000000000000E+00 12.02261 -1.070913 3.754671 0 0 1 0 0 0 0
720 0 29064 0 0.000000000000E+00 8.629858 -2.689464 -1.636347 0 0 1 0 0 0 0
721 0 29064 0 0.000000000000E+00 4.659554 0.7663005 11.24401 0 0 1 0 0 0 0
722 0 29064 0 0.000000000000E+00 19.7228 -2.736717 8.641102 0 0 1 0 0 0 0
723 0 29064 0 0.000000000000E+00 11.41564 -0.4376384 4.426852 0 0 1 0 0 0 0
724 0 29064 0 0.000000000000E+00 6.54847 -6.145088 0.6308136 0 0 1 0 0 0 0
725 0 29064 0 0.000000000000E+00 -5.301121 -2.656278 4.970414 0 0 1 0 0 0 0
726 0 29064 0 0.000000000000E+00 7.463517 5.511351 3.402308 0 0 1 0 0 0 0
727 0 29064 0 0.000000000000E+00 8.099111 2.95323 20.42607 0 0 1 0 0 0 0
728 0 29064 0 0.000000000000E+00 10.39999 3.787389 17.94633 0 0 1 0 0 0 0
729 0 29064 0 0.000000000000E+00 18.11966 -6.572131 10.10134 0 0 1 0 0 0 0
730 0 29064 0 0.000000000000E+00 1.767324 -0.7838415 0.1460021 0 0 1 0 0 0 0
731 0 29064 0 0.000000000000E+00 -9.25119 3.724513 0.09224528 0 0 1 0 0 0 0
732 0 29064 0 0.000000000000E+00 1.480018 6.067429 5.76077 0 0 1 0 0 0 0
733 0 29064 0 0.000000000000E+00 6.31266 5.377949 7.258301 0 0 1 0 0 0 0
734 0 29064 0 0.000000000000E+00 9.217315 3.619846 19.25603 0 0 1 0 0 0 0
735 0 29064 0 0.000000000000E+00 4.058317 -1.760078 -4.130775 0 0 1 0 0 0 0
736 0 29064 0 0.000000000000E+00 16.47786 6.087767 6.656134 0 0 1 0 0 0 0
737 0 29064 0 0.000000000000E+00 11.5616 -5.991116 3.6706 0 0 1 0 0 0 0
738 0 29064 0 0.000000000000E+00 11.713 -4.963091 16.21089 0 0 1 0 0 0 0
739 0 29064 0 0.000000000000E+00 4.877197 3.639476 -4.878875 0 0 1 0 0 0 0
740 0 29064 0 0.000000000000E+00 23.21288 9.51398 15.94126 0 0 1 0 0 0 0
741 0 29064 0 0.000000000000E+00 17.82103 -3.179354 10.6248 0 0 1 0 0 0 0
742 0 29064 0 0.000000000000E+00 17.11657 4.458406 11.05484 0 0 1 0 0 0 0
743 0 29064 0 0.000000000000E+00 12.61639 9.498196 15.30682 0 0 1 0 0 0 0
744 0 29064 0 0.000000000000E+00 -2.693049 -7.469759 -1.172147 0 0 1 0 0 0 0
745 0 29064 0 0.000000000000E+00 13.92747 6.287602 14.21719 0 0 1 0 0 0 0
746 0 29064 0 0.000000000000E+00 10.73716 4.830065 4.683549 0 0 1 0 0 0 0
747 0 29064 0 0.000000000000E+00 13.44555 -4.110246 14.65547 0 0 1 0 0 0 0
748 0 29064 0 0.000000000000E+00 6.054576 -2.351473 0.7127695 0 0 1 0 0 0 0
749 0 29064 0 0.000000000000E+00 7.278194 1.791091 5.820264 0 0 1 0 0 0 0
750 0 29064 0 0.000000000000E+00 4.692789 6.035684 10.95539 0 0 1 0 0 0 0
751 0 29064 0 0.000000000000E+00 13.46334 0.8979521 1.676796 0 0 1 0 0 0 0
752 0 29064 0 0.000000000000E+00 7.306664 5.849091 8.310466 0 0 1 0 0 0 0
753 0 29064 0 0.000000000000E+00 3.391847 -5.715864 3.440081 0 0 1 0 0 0 0
754 0 29064 0 0.000000000000E+00 15.64633 -7.019153 12.75644 0 0 1 0 0 0 0
755 0 29064 0 0.000000000000E+00 16.83713 5.689396 11.33789 0 0 1 0 0 0 0
756 0 29064 0 0.000000000000E+00 11.27543 4.800509 3.97902 0 0 1 0 0 0 0
757 0 29064 0 0.000000000000E+00 13.71043 -9.770438 14.34741 0 0 1 0 0 0 0
758 0 29064 0 0.000000000000E+00 7.641876 1.196589 20.57672 0 0 1 0 0 0 0
759 0 29064 0 0.000000000000E+00 16.79766 5.734217 11.29101 0 0 1 0 0 0 0
760 0 29064 0 0.000000000000E+00 16.3731 -1.045038 12.31084 0 0 1 0 0 0 0
761 0 29064 0 0.000000000000E+00 17.79427 5.526152 10.84163 0 0 1 0 0 0 0
762 0 29064 0 0.000000000000E+00 20.83112 1.851987 7.314225 0 0 1 0 0 0 0
763 0 29064 0 0.000000000000E+00 16.63783 -8.783207 11.6208 0 0 1 0 0 0 0
764 0 29064 0 0.000000000000E+00 6.735997 3.124387 8.680322 0 0 1 0 0 0 0
765 0 29064 0 0.000000000000E+00 16.76666 7.557731 11.5509 0 0 1 0 0 0 0
766 0 29064 0 0.000000000000E+00 -3.313619 -0.1365744 -10.62435 0 0 1 0 0 0 0
767 0 29064 0 0.000000000000E+00 -1.070925 -0.1350416 8.440331 0 0 1 0 0 0 0
768 0 29064 0 0.000000000000E+00 17.82103 -3.179354 10.6248 0 0 1 0 0 0 0
769 0 29064 0 0.000000000000E+00 10.40296 0.2289822 2.696914 0 0 1 0 0 0 0
770 0 29064 0 0.000000000000E+00 6.901934 -1.837694 21.33533 0 0 1 0 0 0 0
771 0 29064 0 0.000000000000E+00 7.634998 5.358617 7.624002 0 0 1 0 0 0 0
772 0 29064 0 0.000000000000E+00 5.148966 1.157206 7.636426 0 0 1 0 0 0 0
773 0 29064 0 0.000000000000E+00 10.38259 -0.6090097 4.886487 0 0 1 0 0 0 0
774 0 29064 0 0.000000000000E+00 13.46182 -0.04571805 14.98649 0 0 1 0 0 0 0
775 0 29064 0 0.000000000000E+00 4.731069 0.6603844 8.097721 0 0 1 0 0 0 0
776 0 29064 0 0.000000000000E+00 19.27173 7.123745 9.311888 0 0 1 0 0 0 0
777 0 29064 0 0.000000000000E+00 12.4977 9.738888 16.03952 0 0 1 0 0 0 0
778 0 29064 0 0.000000000000E+00 16.85319 6.105706 7.101928 0 0 1 0 0 0 0
779 0 29064 0 0.000000000000E+00 1.576175 5.050274 5.365899 0 0 1 0 0 0 0
780 0 29064 0 0.000000000000E+00 -1.468411 -7.138596 1.351869 0 0 1 0 0 0 0
781 0 29064 0 0.000000000000E+00 -4.872099 2.187614 -1.011608 0 0 1 0 0 0 0
782 0 29064 0 0.000000000000E+00 -11.92814 -0.1986008 -1.368479 0 0 1 0 0 0 0
783 0 29064 0 0.000000000000E+00 5.15138 2.921193 -1.013439 0 0 1 0 0 0 0
784 0 29064 0 0.000000000000E+00 4.159455 -5.873371 11.33438 0 0 1 0 0 0 0
785 0 29064 0 0.000000000000E+00 -0.2775474 -5.697516 0.1248247 0 0 1 0 0 0 0
786 0 29064 0 0.000000000000E+00 17.09758 -0.1900837 10.85345 0 0 1 0 0 0 0
787 0 29064 0 0.000000000000E+00 1.630409 -2.611367 13.50978 0 0 1 0 0 0 0
788 0 29064 0 0.000000000000E+00 10.60046 7.62869 18.03215 0 0 1 0 0 0 0
789 0 29064 0 0.000000000000E+00 13.12774 2.609199 2.397061 0 0 1 0 0 0 0
790 0 29064 0 0.000000000000E+00 4.036822 -0.1615956 -3.667555 0 0 1 0 0 0 0
791 0 29064 0 0.000000000000E+00 -1.748581 5.392032 -9.214359 0 0 1 0 0 0 0
792 0 29064 0 0.000000000000E+00 19.54387 -0.553446 8.638838 0 0 1 0 0 0 0
793 0 29064 0 0.000000000000E+00 3.88204 -3.441746 3.088497 0 0 1 0 0 0 0
794 0 29064 0 0.000000000000E+00 -0.9465798 0.001286546 0.8039488 0 0 1 0 0 0 0
795 0 29064 0 0.000000000000E+00 -4.047048 -5.54346 -9.711494 0 0 1 0 0 0 0
796 0 29064 0 0.000000000000E+00 2.068616 3.652478 13.37395 0 0 1 0 0 0 0
797 0 29064 0 0.000000000000E+00 3.552258 4.967941 -4.447929 0 0 1 0 0 0 0
798 0 29064 0 0.000000000000E+00 13.57075 -10.0203 15.09587 0 0 1 0 0 0 0
799 0 29064 0 0.000000000000E+00 18.64411 4.314517 9.327166 0 0 1 0 0 0 0
800 0 29064 0 0.000000000000E+00 9.11926 -4.795891 6.412294 0 0 1 0 0 0 0
801 0 29064 0 0.000000000000E+00 -5.142717 0.568286 5.372688 0 0 1 0 0 0 0
802 0 29064 0 0.000000000000E+00 1.882256 -6.074227 -4.26097 0 0 1 0 0 0 0
803 0 29064 0 0.000000000000E+00 0.7160232 5.807545 -5.906203 0 0 1 0 0 0 0
804 0 29064 0 0.000000000000E+00 -3.812641 3.15708 -10.15172 0 0 1 0 0 0 0
805 0 29064 0 0.000000000000E+00 20.27407 -2.460345 7.944013 0 0 1 0 0 0 0
806 0 29064 0 0.000000000000E+00 -1.235486 -5.260961 1.087443 0 0 1 0 0 0 0
807 0 29064 0 0.000000000000E+00 18.19037 -0.1181556 9.999856 0 0 1 0 0 0 0
808 0 29064 0 0.000000000000E+00 10.73775 0.1192326 17.50145 0 0 1 0 0 0 0
809 0 29064 0 0.000000000000E+00 -2.382364 3.487148 2.181254 0 0 1 0 0 0 0
810 0 29064 0 0.000000000000E+00 19.63398 -5.821986 8.962353 0 0 1 0 0 0 0
811 0 29064 0 0.000000000000E+00 11.05433 0.2702636 4.672645 0 0 1 0 0 0 0
812 0 29064 0 0.000000000000E+00 8.576524 -1.464399 6.993545 0 0 1 0 0 0 0
813 0 29064 0 0.000000000000E+00 1.835665 -4.76177 -2.052977 0 0 1 0 0 0 0
814 0 29064 0 0.000000000000E+00 11.35206 5.440462 17.31995 0 0 1 0 0 0 0
815 0 29064 0 0.000000000000E+00 11.55499 7.523751 16.69188 0 0 1 0 0 0 0
816 0 29064 0 0.000000000000E+00 13.88113 3.94354 14.79674 0 0 1 0 0 0 0
817 0 29064 0 0.000000000000E+00 -1.478125 -6.957838 -5.808539 0 0 1 0 0 0 0
818 0 29064 0 0.000000000000E+00 15.56157 -0.1861091 13.1213 0 0 1 0 0 0 0
819 0 29064 0 0.000000000000E+00 5.435465 -4.592859 10.0537 0 0 1 0 0 0 0
820 0 29064 0 0.000000000000E+00 12.24444 -9.70386 16.09341 0 0 1 0 0 0 0
821 0 29064 0 0.000000000000E+00 12.3413 4.531149 2.852203 0 0 1 0 0 0 0
822 0 29064 0 0.000000000000E+00 7.522754 -2.709508 7.707785 0 0 1 0 0 0 0
823 0 29064 0 0.000000000000E+00 7.635492 -8.645197 7.855534 0 0 1 0 0 0 0
824 0 29064 0 0.000000000000E+00 13.54465 -0.5375159 2.425983 0 0 1 0 0 0 0
825 0 29064 0 0.000000000000E+00 10.11925 7.480451 18.40088 0 0 1 0 0 0 0
826 0 29064 0 0.000000000000E+00 6.313355 -3.214433 9.487541 0 0 1 0 0 0 0
827 0 29064 0 0.000000000000E+00 5.25492 -5.669798 2.01676 0 0 1 0 0 0 0
828 0 29064 0 0.000000000000E+00 3.107972 -2.930058 12.22711 0 0 1 0 0 0 0
829 0 29064 0 0.000000000000E+00 17.8423 -3.384259 10.80522 0 0 1 0 0 0 0
830 0 29064 0 0.000000000000E+00 7.227217 8.190444 8.235534 0 0 1 0 0 0 0
831 0 29064 0 0.000000000000E+00 4.388106 -2.073484 11.14543 0 0 1 0 0 0 0
832 0 29064 0 0.000000000000E+00 3.107972 -2.930058 12.22711 0 0 1 0 0 0 0
833 0 29064 0 0.000000000000E+00 9.103016 -6.210012 6.520729 0 0 1 0 0 0 0
834 0 29064 0 0.000000000000E+00 12.48693 4.02946 15.4526 0 0 1 0 0 0 0
835 0 29064 0 0.000000000000E+00 17.69935 3.333476 10.48289 0 0 1 0 0 0 0
836 0 29064 0 0.000000000000E+00 8.965347 -0.5818026 6.837411 0 0 1 0 0 0 0
837 0 29064 0 0.000000000000E+00 2.820524 -3.147133 -6.949325 0 0 1 0 0 0 0
838 0 29064 0 0.000000000000E+00 3.525294 3.957951 11.98519 0 0 1 0 0 0 0
839 0 29064 0 0.000000000000E+00 14.83466 -6.98668 13.02715 0 0 1 0 0 0 0
840 0 29064 0 0.000000000000E+00 -0.3705513 0.150038 -11.07295 0 0 1 0 0 0 0
841 0 29064 0 0.000000000000E+00 13.6586 -0.7166891 2.213189 0 0 1 0 0 0 0
842 0 29064 0 0.000000000000E+00 7.899265 3.640141 20.51781 0 0 1 0 0 0 0
843 0 29064 0 0.000000000000E+00 10.73777 4.912361 17.55394 0 0 1 0 0 0 0
844 0 29064 0 0.000000000000E+00 11.49597 5.24921 4.074732 0 0 1 0 0 0 0
845 0 29064 0 0.000000000000E+00 -0.1843439 -4.348226 -8.9799 0 0 1 0 0 0 0
846 0 29064 0 0.000000000000E+00 11.2969 -5.521422 4.252272 0 0 1 0 0 0 0
847 0 29064 0 0.000000000000E+00 2.652366 5.004086 4.524995 0 0 1 0 0 0 0
848 0 29064 0 0.000000000000E+00 8.458654 -7.864216 7.015005 0 0 1 0 0 0 0
849 0 29064 0 0.000000000000E+00 11.92634 -1.562074 16.40642 0 0 1 0 0 0 0
850 0 29064 0 0.000000000000E+00 9.871375 0.4116239 25.04477 0 0 1 0 0 0 0
851 0 29064 0 0.000000000000E+00 0.9465795 -7.416999 -1.34454 0 0 1 0 0 0 0
852 0 29064 0 0.000000000000E+00 14.34576 8.892436 14.29332 0 0 1 0 0 0 0
853 0 29064 0 0.000000000000E+00 -6.473739 -1.484044 3.922043 0 0 1 0 0 0 0
854 0 29064 0 0.000000000000E+00 8.485804 -6.333699 19.45873 0 0 1 0 0 0 0
855 0 29064 0 0.000000000000E+00 8.099111 2.95323 20.42607 0 0 1 0 0 0 0
856 0 29064 0 0.000000000000E+00 14.42059 8.468564 13.79629 0 0 1 0 0 0 0
857 0 29064 0 0.000000000000E+00 -4.966927 -1.937625 -2.761633 0 0 1 0 0 0 0
858 0 29064 0 0.000000000000E+00 7.183596 -5.676807 8.27828 0 0 1 0 0 0 0
859 0 29064 0 0.000000000000E+00 12.95022 -2.747158 15.64765 0 0 1 0 0 0 0
860 0 29064 0 0.000000000000E+00 13.26175 6.718145 14.93492 0 0 1 0 0 0 0
861 0 29064 0 0.000000000000E+00 18.98091 -6.407538 9.138222 0 0 1 0 0 0 0
862 0 29064 0 0.000000000000E+00 10.87891 -4.189387 4.698785 0 0 1 0 0 0 0
863 0 29064 0 0.000000000000E+00 4.921976 2.18654 -1.774514 0 0 1 0 0 0 0
864 0 29064 0 0.000000000000E+00 14.71294 0.03623163 12.21301 0 0 1 0 0 0 0
865 0 29064 0 0.000000000000E+00 8.571415 3.71253 19.38975 0 0 1 0 0 0 0
866 0 29064 0 0.000000000000E+00 10.03307 8.06541 5.420391 0 0 1 0 0 0 0
867 0 29064 0 0.000000000000E+00 1.640038 3.820427 5.606014 0 0 1 0 0 0 0
868 0 29064 0 0.000000000000E+00 15.79432 8.894651 11.88367 0 0 1 0 0 0 0
869 0 29064 0 0.000000000000E+00 7.24042 1.638613 8.118626 0 0 1 0 0 0 0
870 0 29064 0 0.000000000000E+00 9.959613 0.4513949 24.88783 0 0 1 0 0 0 0
871 0 29064 0 0.000000000000E+00 9.689238 0.02374069 1.994523 0 0 1 0 0 0 0
872 0 29064 0 0.000000000000E+00 -9.144896 3.851224 -4.754724 0 0 1 0 0 0 0
873 0 29064 0 0.000000000000E+00 14.86756 1.587362 13.79011 0 0 1 0 0 0 0
874 0 29064 0 0.000000000000E+00 1.277357 -4.829646 -6.816728 0 0 1 0 0 0 0
875 0 29064 0 0.000000000000E+00 8.640701 -1.803224 19.87809 0 0 1 0 0 0 0
876 0 29064 0 0.000000000000E+00 17.28641 2.934736 11.02394 0 0 1 0 0 0 0
877 0 29064 0 0.000000000000E+00 14.06366 8.505794 8.747858 0 0 1 0 0 0 0
878 0 29064 0 0.000000000000E+00 -4.449578 1.922775 -0.6660575 0 0 1 0 0 0 0
879 0 29064 0 0.000000000000E+00 7.372546 -3.672615 -0.07408017 0 0 1 0 0 0 0
880 0 29064 0 0.000000000000E+00 13.71295 7.331071 14.62517 0 0 1 0 0 0 0
881 0 29064 0 0.000000000000E+00 7.785369 2.301973 6.834914 0 0 1 0 0 0 0
882 0 29064 0 0.000000000000E+00 3.06058 -6.118713 -3.04316 0 0 1 0 0 0 0
883 0 29064 0 0.000000000000E+00 4.659554 0.7663005 11.24401 0 0 1 0 0 0 0
884 0 29064 0 0.000000000000E+00 13.07866 4.245675 14.95337 0 0 1 0 0 0 0
885 0 29064 0 0.000000000000E+00 -4.333557 -3.207249 4.173843 0 0 1 0 0 0 0
886 0 29064 0 0.000000000000E+00 8.544445 4.933158 7.070515 0 0 1 0 0 0 0
887 0 29064 0 0.000000000000E+00 16.27138 9.475927 11.80628 0 0 1 0 0 0 0
888 0 29064 0 0.000000000000E+00 -1.453315 -7.184081 -4.436997 0 0 1 0 0 0 0
889 0 29064 0 0.000000000000E+00 -2.943857 5.963074 3.313523 0 0 1 0 0 0 0
890 0 29064 0 0.000000000000E+00 22.44231 8.283629 12.73692 0 0 1 0 0 0 0
891 0 29064 0 0.000000000000E+00 1.897861 6.242649 5.280151 0 0 1 0 0 0 0
892 0 29064 0 0.000000000000E+00 13.18186 1.104429 15.39328 0 0 1 0 0 0 0
893 0 29064 0 0.000000000000E+00 1.139954 -5.719155 -5.698246 0 0 1 0 0 0 0
894 0 29064 0 0.000000000000E+00 9.71194 -5.131452 5.882338 0 0 1 0 0 0 0
895 0 29064 0 0.000000000000E+00 13.79397 -0.5550042 1.387916 0 0 1 0 0 0 0
896 0 29064 0 0.000000000000E+00 1.936929 -0.7097822 4.858179 0 0 1 0 0 0 0
897 0 29064 0 0.000000000000E+00 13.32075 2.30797 1.850704 0 0 1 0 0 0 0
898 0 29064 0 0.000000000000E+00 14.20768 -1.077386 13.25148 0 0 1 0 0 0 0
899 0 29064 0 0.000000000000E+00 5.172373 5.454716 2.082628 0 0 1 0 0 0 0
900 0 29064 0 0.000000000000E+00 7.331024 3.8532 2.210615 0 0 1 0 0 0 0
901 0 29064 0 0.000000000000E+00 8.92259 -5.354971 19.72355 0 0 1 0 0 0 0
902 0 29064 0 0.000000000000E+00 0.2825647 4.921653 -0.2166849 0 0 1 0 0 0 0
903 0 29064 0 0.000000000000E+00 0.3376347 7.523103 -1.012619 0 0 1 0 0 0 0
904 0 29064 0 0.000000000000E+00 3.695101 -2.953143 12.23836 0 0 1 0 0 0 0
905 0 29064 0 0.000000000000E+00 6.313457 6.178865 0.8912316 0 0 1 0 0 0 0
906 0 29064 0 0.000000000000E+00 14.20416 8.523672 9.072674 0 0 1 0 0 0 0
907 0 29064 0 0.000000000000E+00 3.406094 1.300813 12.06229 0 0 1 0 0 0 0
908 0 29064 0 0.000000000000E+00 14.1616 7.453465 6.300999 0 0 1 0 0 0 0
909 0 29064 0 0.000000000000E+00 3.740684 1.206384 -5.916415 0 0 1 0 0 0 0
910 0 29064 0 0.000000000000E+00 4.047068 5.3086 5.827165 0 0 1 0 0 0 0
911 0 29064 0 0.000000000000E+00 11.99287 -6.74765 16.25592 0 0 1 0 0 0 0
912 0 29064 0 0.000000000000E+00 3.664171 -5.743925 11.75872 0 0 1 0 0 0 0
913 0 29064 0 0.000000000000E+00 1.533804 5.336437 -1.206096 0 0 1 0 0 0 0
914 0 29064 0 0.000000000000E+00 6.083376 -3.622249 9.32734 0 0 1 0 0 0 0
915 0 29064 0 0.000000000000E+00 -0.9202907 4.347205 1.043695 0 0 1 0 0 0 0
916 0 29064 0 0.000000000000E+00 -2.589144 -2.481804 2.921819 0 0 1 0 0 0 0
917 0 29064 0 0.000000000000E+00 5.101562 3.399894 10.52526 0 0 1 0 0 0 0
918 0 29064 0 0.000000000000E+00 0.4072692 5.631458 6.984747 0 0 1 0 0 0 0
919 0 29064 0 0.000000000000E+00 9.415412 -4.808297 18.60448 0 0 1 0 0 0 0
920 0 29064 0 0.000000000000E+00 16.25449 -7.663718 12.19033 0 0 1 0 0 0 0
921 0 29064 0 0.000000000000E+00 7.22173 -5.555598 8.142081 0 0 1 0 0 0 0
922 0 29064 0 0.000000000000E+00 4.806736 1.093916 2.523273 0 0 1 0 0 0 0
923 0 29064 0 0.000000000000E+00 6.140771 5.913466 0.8183827 0 0 1 0 0 0 0
924 0 29064 0 0.000000000000E+00 -0.1547056 6.609146 -5.024725 0 0 1 0 0 0 0
925 0 29064 0 0.000000000000E+00 13.07581 5.209131 15.28975 0 0 1 0 0 0 0
926 0 29064 0 0.000000000000E+00 16.61393 9.588963 11.51567 0 0 1 0 0 0 0
927 0 29064 0 0.000000000000E+00 16.44449 7.349563 8.367976 0 0 1 0 0 0 0
928 0 29064 0 0.000000000000E+00 0.1122318 0.00428179 -4.841465 0 0 1 0 0 0 0
929 0 29064 0 0.000000000000E+00 7.580025 -1.203553 21.10332 0 0 1 0 0 0 0
930 0 29064 0 0.000000000000E+00 13.56769 9.770538 14.32695 0 0 1 0 0 0 0
931 0 29064 0 0.000000000000E+00 3.073344 0.3605789 12.72566 0 0 1 0 0 0 0
932 0 29064 0 0.000000000000E+00 18.05518 -4.447891 10.42272 0 0 1 0 0 0 0
933 0 29064 0 0.000000000000E+00 19.43854 3.353243 8.453701 0 0 1 0 0 0 0
934 0 29064 0 0.000000000000E+00 7.217643 -1.437576 7.379919 0 0 1 0 0 0 0
935 0 29064 0 0.000000000000E+00 3.366974 -2.679422 3.864651 0 0 1 0 0 0 0
936 0 29064 0 0.000000000000E+00 18.71594 0.1333819 9.771991 0 0 1 0 0 0 0
937 0 29064 0 0.000000000000E+00 7.589593 2.966404 20.31058 0 0 1 0 0 0 0
938 0 29064 0 0.000000000000E+00 19.12085 -0.160172 8.758401 0 0 1 0 0 0 0
939 0 29064 0 0.000000000000E+00 11.91218 -5.94475 16.62144 0 0 1 0 0 0 0
940 0 29064 0 0.000000000000E+00 -0.9197003 -4.483735 -9.536647 0 0 1 0 0 0 0
941 0 29064 0 0.000000000000E+00 14.9719 -8.732823 13.50758 0 0 1 0 0 0 0
942 0 29064 0 0.000000000000E+00 17.00871 2.938172 11.29829 0 0 1 0 0 0 0
943 0 29064 0 0.000000000000E+00 6.227168 -0.5945415 7.478838 0 0 1 0 0 0 0
944 0 29064 0 0.000000000000E+00 14.85894 1.871143 13.43666 0 0 1 0 0 0 0
945 0 29064 0 0.000000000000E+00 4.6821 -3.468365 -4.886925 0 0 1 0 0 0 0
946 0 29064 0 0.000000000000E+00 -4.837287 2.628487 -8.975749 0 0 1 0 0 0 0
947 0 29064 0 0.000000000000E+00 12.5388 -3.108122 15.93976 0 0 1 0 0 0 0
948 0 29064 0 0.000000000000E+00 8.049059 6.197055 19.81116 0 0 1 0 0 0 0
949 0 29064 0 0.000000000000E+00 1.582866 0.3249252 0.5143143 0 0 1 0 0 0 0
950 0 29064 0 0.000000000000E+00 14.9971 6.132478 13.35229 0 0 1 0 0 0 0
951 0 29064 0 0.000000000000E+00 15.90151 10.01321 12.52526 0 0 1 0 0 0 0
952 0 29064 0 0.000000000000E+00 9.466456 3.412857 18.83168 0 0 1 0 0 0 0
953 0 29064 0 0.000000000000E+00 -4.757212 -7.315761 -1.663352 0 0 1 0 0 0 0
954 0 29064 0 0.000000000000E+00 1.436188 5.357949 5.58508 0 0 1 0 0 0 0
955 0 29064 0 0.000000000000E+00 11.03625 1.796136 4.858712 0 0 1 0 0 0 0
956 0 29064 0 0.000000000000E+00 7.802735 1.956796 5.541281 0 0 1 0 0 0 0
957 0 29064 0 0.000000000000E+00 -5.70562 -6.336214 0.02816923 0 0 1 0 0 0 0
958 0 29064 0 0.000000000000E+00 -1.507855 2.414167 8.906312 0 0 1 0 0 0 0
959 0 29064 0 0.000000000000E+00 4.344552 -0.07726447 10.96863 0 0 1 0 0 0 0
960 0 29064 0 0.000000000000E+00 12.94311 4.594443 2.779293 0 0 1 0 0 0 0
961 0 29064 0 0.000000000000E+00 -4.464163 -7.424531 -5.384799 0 0 1 0 0 0 0
962 0 29064 0 0.000000000000E+00 12.84736 -2.199913 15.39822 0 0 1 0 0 0 0
963 0 29064 0 0.000000000000E+00 -3.786038 -6.592289 1.695239 0 0 1 0 0 0 0
964 0 29064 0 0.000000000000E+00 -10.55659 -1.24559 -3.207523 0 0 1 0 0 0 0
965 0 29064 0 0.000000000000E+00 10.98448 -5.061766 4.766544 0 0 1 0 0 0 0
966 0 29064 0 0.000000000000E+00 3.457 -0.7273413 -3.625289 0 0 1 0 0 0 0
967 0 29064 0 0.000000000000E+00 -7.010417 -6.098306 -0.8426179 0 0 1 0 0 0 0
968 0 29064 0 0.000000000000E+00 19.05353 -5.963199 9.545824 0 0 1 0 0 0 0
969 0 29064 0 0.000000000000E+00 8.306335 5.229648 20.03509 0 0 1 0 0 0 0
970 0 29064 0 0.000000000000E+00 11.21062 3.6067 17.07595 0 0 1 0 0 0 0
971 0 29064 0 0.000000000000E+00 19.55601 9.59461 12.72657 0 0 1 0 0 0 0
972 0 29064 0 0.000000000000E+00 3.552258 4.967941 -4.447929 0 0 1 0 0 0 0
973 0 29064 0 0.000000000000E+00 18.88338 2.536257 9.598994 0 0 1 0 0 0 0
974 0 29064 0 0.000000000000E+00 20.12799 0.3606915 7.840582 0 0 1 0 0 0 0
975 0 29064 0 0.000000000000E+00 9.933924 -3.100953 18.75165 0 0 1 0 0 0 0
976 0 29064 0 0.000000000000E+00 15.67858 7.76359 8.538882 0 0 1 0 0 0 0
977 0 29064 0 0.000000000000E+00 4.668621 -2.187071 10.63262 0 0 1 0 0 0 0
978 0 29064 0 0.000000000000E+00 3.986579 5.168831 5.845175 0 0 1 0 0 0 0
979 0 29064 0 0.000000000000E+00 2.546969 -0.7317051 12.85779 0 0 1 0 0 0 0
980 0 29064 0 0.000000000000E+00 -3.812641 3.15708 -10.15172 0 0 1 0 0 0 0
981 0 29064 0 0.000000000000E+00 19.42124 -0.006860055 9.124687 0 0 1 0 0 0 0
982 0 29064 0 0.000000000000E+00 -4.427581 -7.252353 -1.825252 0 0 1 0 0 0 0
983 0 29064 0 0.000000000000E+00 17.84145 1.634537 10.52167 0 0 1 0 0 0 0
984 0 29064 0 0.000000000000E+00 16.85869 -8.412635 11.19982 0 0 1 0 0 0 0
985 0 29064 0 0.000000000000E+00 14.01505 3.330093 14.64209 0 0 1 0 0 0 0
986 0 29064 0 0.000000000000E+00 15.29435 -0.6184146 12.8103 0 0 1 0 0 0 0
987 0 29064 0 0.000000000000E+00 5.06085 7.454464 1.849452 0 0 1 0 0 0 0
988 0 29064 0 0.000000000000E+00 9.32402 3.220271 18.89437 0 0 1 0 0 0 0
989 0 29064 0 0.000000000000E+00 12.38351 9.810437 16.29963 0 0 1 0 0 0 0
990 0 29064 0 0.000000000000E+00 8.077259 0.7852106 6.490383 0 0 1 0 0 0 0
991 0 29064 0 0.000000000000E+00 -1.689353 7.403717 -3.650765 0 0 1 0 0 0 0
992 0 29064 0 0.000000000000E+00 5.874233 6.08301 1.292506 0 0 1 0 0 0 0
993 0 29064 0 0.000000000000E+00 0.8889297 1.458489 -0.7910154 0 0 1 0 0 0 0
994 0 29064 0 0.000000000000E+00 9.518347 -3.14887 6.183901 0 0 1 0 0 0 0
995 0 29064 0 0.000000000000E+00 12.52049 8.216911 15.39554 0 0 1 0 0 0 0
996 0 29064 0 0.000000000000E+00 16.06844 9.290496 12.62879 0 0 1 0 0 0 0
997 0 29064 0 0.000000000000E+00 20.6194 0.1810556 7.656326 0 0 1 0 0 0 0
998 0 29064 0 0.000000000000E+00 10.04095 -0.7244549 18.63579 0 0 1 0 0 0 0
999 0 29064 0 0.000000000000E+00 5.4122 5.579042 9.959308 0 0 1 0 0 0 0
1000 0 29064 0 0.000000000000E+00 20.95495 8.008983 10.76842 0 0 1 0 0 0 0
